t, u_C, u_R, u_E, i
-1, 0, 0, 0, 0
-0.98999999999999999, 0, 0, 0, 0
-0.97999999999999998, 0, 0, 0, 0
-0.96999999999999997, 0, 0, 0, 0
-0.95999999999999996, 0, 0, 0, 0
-0.94999999999999996, 0, 0, 0, 0
-0.93999999999999995, 0, 0, 0, 0
-0.92999999999999994, 0, 0, 0, 0
-0.92000000000000004, 0, 0, 0, 0
-0.91000000000000003, 0, 0, 0, 0
-0.90000000000000002, 0, 0, 0, 0
-0.89000000000000001, 0, 0, 0, 0
-0.88, 0, 0, 0, 0
-0.87, 0, 0, 0, 0
-0.85999999999999999, 0, 0, 0, 0
-0.84999999999999998, 0, 0, 0, 0
-0.83999999999999997, 0, 0, 0, 0
-0.82999999999999996, 0, 0, 0, 0
-0.82000000000000006, 0, 0, 0, 0
-0.81000000000000005, 0, 0, 0, 0
-0.80000000000000004, 0, 0, 0, 0
-0.79000000000000004, 0, 0, 0, 0
-0.78000000000000003, 0, 0, 0, 0
-0.77000000000000002, 0, 0, 0, 0
-0.76000000000000001, 0, 0, 0, 0
-0.75, 0, 0, 0, 0
-0.73999999999999999, 0, 0, 0, 0
-0.72999999999999998, 0, 0, 0, 0
-0.71999999999999997, 0, 0, 0, 0
-0.70999999999999996, 0, 0, 0, 0
-0.69999999999999996, 0, 0, 0, 0
-0.68999999999999995, 0, 0, 0, 0
-0.67999999999999994, 0, 0, 0, 0
-0.66999999999999993, 0, 0, 0, 0
-0.65999999999999992, 0, 0, 0, 0
-0.65000000000000002, 0, 0, 0, 0
-0.64000000000000001, 0, 0, 0, 0
-0.63, 0, 0, 0, 0
-0.62, 0, 0, 0, 0
-0.60999999999999999, 0, 0, 0, 0
-0.59999999999999998, 0, 0, 0, 0
-0.59000000000000008, 0, 0, 0, 0
-0.58000000000000007, 0, 0, 0, 0
-0.57000000000000006, 0, 0, 0, 0
-0.56000000000000005, 0, 0, 0, 0
-0.55000000000000004, 0, 0, 0, 0
-0.54000000000000004, 0, 0, 0, 0
-0.53000000000000003, 0, 0, 0, 0
-0.52000000000000002, 0, 0, 0, 0
-0.51000000000000001, 0, 0, 0, 0
-0.5, 0, 0, 0, 0
-0.48999999999999999, 0, 0, 0, 0
-0.47999999999999998, 0, 0, 0, 0
-0.46999999999999997, 0, 0, 0, 0
-0.45999999999999996, 0, 0, 0, 0
-0.44999999999999996, 0, 0, 0, 0
-0.43999999999999995, 0, 0, 0, 0
-0.43000000000000005, 0, 0, 0, 0
-0.42000000000000004, 0, 0, 0, 0
-0.41000000000000003, 0, 0, 0, 0
-0.40000000000000002, 0, 0, 0, 0
-0.39000000000000001, 0, 0, 0, 0
-0.38, 0, 0, 0, 0
-0.37, 0, 0, 0, 0
-0.35999999999999999, 0, 0, 0, 0
-0.34999999999999998, 0, 0, 0, 0
-0.33999999999999997, 0, 0, 0, 0
-0.32999999999999996, 0, 0, 0, 0
-0.31999999999999995, 0, 0, 0, 0
-0.31000000000000005, 0, 0, 0, 0
-0.30000000000000004, 0, 0, 0, 0
-0.29000000000000004, 0, 0, 0, 0
-0.28000000000000003, 0, 0, 0, 0
-0.27000000000000002, 0, 0, 0, 0
-0.26000000000000001, 0, 0, 0, 0
-0.25, 0, 0, 0, 0
-0.23999999999999999, 0, 0, 0, 0
-0.22999999999999998, 0, 0, 0, 0
-0.21999999999999997, 0, 0, 0, 0
-0.20999999999999996, 0, 0, 0, 0
-0.19999999999999996, 0, 0, 0, 0
-0.18999999999999995, 0, 0, 0, 0
-0.18000000000000005, 0, 0, 0, 0
-0.17000000000000004, 0, 0, 0, 0
-0.16000000000000003, 0, 0, 0, 0
-0.15000000000000002, 0, 0, 0, 0
-0.14000000000000001, 0, 0, 0, 0
-0.13, 0, 0, 0, 0
-0.12, 0, 0, 0, 0
-0.10999999999999999, 0, 0, 0, 0
-0.099999999999999978, 0, 0, 0, 0
-0.089999999999999969, 0, 0, 0, 0
-0.07999999999999996, 0, 0, 0, 0
-0.069999999999999951, 0, 0, 0, 0
-0.060000000000000053, 0, 0, 0, 0
-0.050000000000000044, 0, 0, 0, 0
-0.040000000000000036, 0, 0, 0, 0
-0.030000000000000027, 0, 0, 0, 0
-0.020000000000000018, 0, 0, 0, 0
-0.010000000000000009, 0, 0, 0, 0
0, 0, 0, 0, 0
0.010000000000000009, 0, 0, 0, 0
0.020000000000000018, 0, 0, 0, 0
0.030000000000000027, 0, 0, 0, 0
0.040000000000000036, 0, 0, 0, 0
0.050000000000000044, 0, 0, 0, 0
0.060000000000000053, 0, 0, 0, 0
0.070000000000000062, 0, 0, 0, 0
0.080000000000000071, 0, 0, 0, 0
0.09000000000000008, 0, 0, 0, 0
0.10000000000000009, 0, 0, 0, 0
0.1100000000000001, 0, 0, 0, 0
0.12000000000000011, 0, 0, 0, 0
0.12999999999999989, 0, 0, 0, 0
0.1399999999999999, 0, 0, 0, 0
0.14999999999999991, 0, 0, 0, 0
0.15999999999999992, 0, 0, 0, 0
0.16999999999999993, 0, 0, 0, 0
0.17999999999999994, 0, 0, 0, 0
0.18999999999999995, 0, 0, 0, 0
0.19999999999999996, 0, 0, 0, 0
0.20999999999999996, 0, 0, 0, 0
0.21999999999999997, 0, 0, 0, 0
0.22999999999999998, 0, 0, 0, 0
0.23999999999999999, 0, 0, 0, 0
0.25, 0, 0, 0, 0
0.26000000000000001, 0, 0, 0, 0
0.27000000000000002, 0, 0, 0, 0
0.28000000000000003, 0, 0, 0, 0
0.29000000000000004, 0, 0, 0, 0
0.30000000000000004, 0, 0, 0, 0
0.31000000000000005, 0, 0, 0, 0
0.32000000000000006, 0, 0, 0, 0
0.33000000000000007, 0, 0, 0, 0
0.34000000000000008, 0, 0, 0, 0
0.35000000000000009, 0, 0, 0, 0
0.3600000000000001, 0, 0, 0, 0
0.37000000000000011, 0, 0, 0, 0
0.37999999999999989, 0, 0, 0, 0
0.3899999999999999, 0, 0, 0, 0
0.39999999999999991, 0, 0, 0, 0
0.40999999999999992, 0, 0, 0, 0
0.41999999999999993, 0, 0, 0, 0
0.42999999999999994, 0, 0, 0, 0
0.43999999999999995, 0, 0, 0, 0
0.44999999999999996, 0, 0, 0, 0
0.45999999999999996, 0, 0, 0, 0
0.46999999999999997, 0, 0, 0, 0
0.47999999999999998, 0, 0, 0, 0
0.48999999999999999, 0, 0, 0, 0
0.5, 0, 0, 0, 0
0.51000000000000001, 0, 0, 0, 0
0.52000000000000002, 0, 0, 0, 0
0.53000000000000003, 0, 0, 0, 0
0.54000000000000004, 0, 0, 0, 0
0.55000000000000004, 0, 0, 0, 0
0.56000000000000005, 0, 0, 0, 0
0.57000000000000006, 0, 0, 0, 0
0.58000000000000007, 0, 0, 0, 0
0.59000000000000008, 0, 0, 0, 0
0.60000000000000009, 0, 0, 0, 0
0.6100000000000001, 0, 0, 0, 0
0.62000000000000011, 0, 0, 0, 0
0.62999999999999989, 0, 0, 0, 0
0.6399999999999999, 0, 0, 0, 0
0.64999999999999991, 0, 0, 0, 0
0.65999999999999992, 0, 0, 0, 0
0.66999999999999993, 0, 0, 0, 0
0.67999999999999994, 0, 0, 0, 0
0.68999999999999995, 0, 0, 0, 0
0.69999999999999996, 0, 0, 0, 0
0.70999999999999996, 0, 0, 0, 0
0.71999999999999997, 0, 0, 0, 0
0.72999999999999998, 0, 0, 0, 0
0.73999999999999999, 0, 0, 0, 0
0.75, 0, 0, 0, 0
0.76000000000000001, 0, 0, 0, 0
0.77000000000000002, 0, 0, 0, 0
0.78000000000000003, 0, 0, 0, 0
0.79000000000000004, 0, 0, 0, 0
0.80000000000000004, 0, 0, 0, 0
0.81000000000000005, 0, 0, 0, 0
0.82000000000000006, 0, 0, 0, 0
0.83000000000000007, 0, 0, 0, 0
0.84000000000000008, 0, 0, 0, 0
0.85000000000000009, 0, 0, 0, 0
0.8600000000000001, 0, 0, 0, 0
0.87000000000000011, 0, 0, 0, 0
0.87999999999999989, 0, 0, 0, 0
0.8899999999999999, 0, 0, 0, 0
0.89999999999999991, 0, 0, 0, 0
0.90999999999999992, 0, 0, 0, 0
0.91999999999999993, 0, 0, 0, 0
0.92999999999999994, 0, 0, 0, 0
0.93999999999999995, 0, 0, 0, 0
0.94999999999999996, 0, 0, 0, 0
0.95999999999999996, 0, 0, 0, 0
0.96999999999999997, 0, 0, 0, 0
0.97999999999999998, 0, 0, 0, 0
0.98999999999999999, 0, 0, 0, 0
1, 0, 3, 3, 3
1.0099999999999998, 0.02985049875249568, 2.9701495012475041, 3, 2.9701495012475041
1.02, 0.059403980079734242, 2.9405960199202656, 3, 2.9405960199202656
1.0299999999999998, 0.088663399354475536, 2.9113366006455244, 3, 2.9113366006455244
1.04, 0.11763168254303047, 2.8823683174569696, 3, 2.8823683174569696
1.0499999999999998, 0.14631172649785762, 2.8536882735021423, 3, 2.8536882735021423
1.0600000000000001, 0.17470639924725417, 2.8252936007527456, 3, 2.8252936007527456
1.0699999999999998, 0.20281854028215485, 2.7971814597178453, 3, 2.7971814597178453
1.0800000000000001, 0.2306509608400934, 2.7693490391599065, 3, 2.7693490391599065
1.0899999999999999, 0.25820644418631511, 2.7417935558136848, 3, 2.7417935558136848
1.1000000000000001, 0.28548774589212145, 2.7145122541078788, 3, 2.7145122541078788
1.1099999999999999, 0.312497594110415, 2.6875024058895849, 3, 2.6875024058895849
1.1200000000000001, 0.33923868984852756, 2.6607613101514724, 3, 2.6607613101514724
1.1299999999999999, 0.36571370723831575, 2.6342862927616841, 3, 2.6342862927616841
1.1400000000000001, 0.3919252938035831, 2.6080747061964171, 3, 2.6080747061964171
1.1499999999999999, 0.41787607072482658, 2.5821239292751734, 3, 2.5821239292751734
1.1600000000000001, 0.44356863310136596, 2.556431366898634, 3, 2.556431366898634
1.1699999999999999, 0.46900555021084889, 2.530994449789151, 3, 2.530994449789151
1.1800000000000002, 0.49418936576618433, 2.5058106342338156, 3, 2.5058106342338156
1.1899999999999999, 0.51912259816991246, 2.4808774018300874, 3, 2.4808774018300874
1.2000000000000002, 0.54380774076605487, 2.4561922592339451, 3, 2.4561922592339451
1.21, 0.56824726208943843, 2.4317527379105615, 3, 2.4317527379105615
1.2200000000000002, 0.59244360611256519, 2.4075563938874347, 3, 2.4075563938874347
1.23, 0.61639919248999786, 2.3836008075100024, 3, 2.3836008075100024
1.2400000000000002, 0.64011641680034026, 2.3598835831996596, 3, 2.3598835831996596
1.25, 0.66359765078578536, 2.3364023492142145, 3, 2.3364023492142145
1.2599999999999998, 0.68684524258930091, 2.313154757410699, 3, 2.313154757410699
1.27, 0.70986151698944022, 2.2901384830105598, 3, 2.2901384830105598
1.2799999999999998, 0.73264877563282294, 2.267351224367177, 3, 2.267351224367177
1.29, 0.75520929726430452, 2.2447907027356955, 3, 2.2447907027356955
1.2999999999999998, 0.77754533795484604, 2.2224546620451537, 3, 2.2224546620451537
1.3100000000000001, 0.79965913132713229, 2.2003408686728676, 3, 2.2003408686728676
1.3199999999999998, 0.82155288877892685, 2.178447111221073, 3, 2.178447111221073
1.3300000000000001, 0.84322879970422149, 2.1567712002957786, 3, 2.1567712002957786
1.3399999999999999, 0.86468903171217038, 2.1353109682878295, 3, 2.1353109682878295
1.3500000000000001, 0.88593573084385968, 2.1140642691561404, 3, 2.1140642691561404
1.3599999999999999, 0.90697102178690625, 2.093028978213094, 3, 2.093028978213094
1.3700000000000001, 0.9277970080879363, 2.0722029919120635, 3, 2.0722029919120635
1.3799999999999999, 0.94841577236293217, 2.0515842276370679, 3, 2.0515842276370679
1.3900000000000001, 0.96882937650550638, 2.0311706234944937, 3, 2.0311706234944937
1.3999999999999999, 0.98903986189308202, 2.0109601381069178, 3, 2.0109601381069178
1.4100000000000001, 1.0090492495910421, 1.9909507504089579, 3, 1.9909507504089579
1.4199999999999999, 1.0288595405548291, 1.9711404594451709, 3, 1.9711404594451709
1.4300000000000002, 1.0484727158300506, 1.9515272841699494, 3, 1.9515272841699494
1.4399999999999999, 1.0678907367505754, 1.9321092632494246, 3, 1.9321092632494246
1.4500000000000002, 1.0871155451346803, 1.9128844548653197, 3, 1.9128844548653197
1.46, 1.1061490634792217, 1.8938509365207783, 3, 1.8938509365207783
1.4700000000000002, 1.1249931951518981, 1.8750068048481019, 3, 1.8750068048481019
1.48, 1.1436498245815776, 1.8563501754184224, 3, 1.8563501754184224
1.4900000000000002, 1.1621208174467519, 1.8378791825532481, 3, 1.8378791825532481
1.5, 1.1804080208620997, 1.8195919791379003, 3, 1.8195919791379003
1.5099999999999998, 1.1985132635632016, 1.8014867364367984, 3, 1.8014867364367984
1.52, 1.2164383560894168, 1.7835616439105832, 3, 1.7835616439105832
1.5299999999999998, 1.2341850909649343, 1.7658149090350657, 3, 1.7658149090350657
1.54, 1.2517552428780307, 1.7482447571219693, 3, 1.7482447571219693
1.5499999999999998, 1.2691505688585401, 1.7308494311414599, 3, 1.7308494311414599
1.5600000000000001, 1.2863728084535557, 1.7136271915464443, 3, 1.7136271915464443
1.5699999999999998, 1.3034236839013884, 1.6965763160986116, 3, 1.6965763160986116
1.5800000000000001, 1.3203049003037943, 1.6796950996962057, 3, 1.6796950996962057
1.5899999999999999, 1.3370181457964789, 1.6629818542035211, 3, 1.6629818542035211
1.6000000000000001, 1.3535650917179209, 1.6464349082820791, 3, 1.6464349082820791
1.6099999999999999, 1.3699473927765002, 1.6300526072234998, 3, 1.6300526072234998
1.6200000000000001, 1.3861666872159766, 1.6138333127840234, 3, 1.6138333127840234
1.6299999999999999, 1.4022245969793081, 1.5977754030206919, 3, 1.5977754030206919
1.6400000000000001, 1.4181227278708544, 1.5818772721291456, 3, 1.5818772721291456
1.6499999999999999, 1.4338626697169519, 1.5661373302830481, 3, 1.5661373302830481
1.6600000000000001, 1.4494459965249025, 1.5505540034750975, 3, 1.5505540034750975
1.6699999999999999, 1.4648742666403727, 1.5351257333596273, 3, 1.5351257333596273
1.6800000000000002, 1.4801490229032312, 1.5198509770967688, 3, 1.5198509770967688
1.6899999999999999, 1.4952717928018333, 1.5047282071981667, 3, 1.5047282071981667
1.7000000000000002, 1.5102440886257718, 1.4897559113742282, 3, 1.4897559113742282
1.71, 1.5250674076171047, 1.4749325923828955, 3, 1.4749325923828955
1.7200000000000002, 1.5397432321200855, 1.4602567678799148, 3, 1.4602567678799148
1.73, 1.5542730297293925, 1.4457269702706073, 3, 1.4457269702706073
1.7400000000000002, 1.5686582534368974, 1.4313417465631029, 3, 1.4313417465631029
1.75, 1.582900341776956, 1.417099658223044, 3, 1.417099658223044
1.7599999999999998, 1.597000718970272, 1.402999281029728, 3, 1.402999281029728
1.77, 1.6109607950663158, 1.3890392049336842, 3, 1.3890392049336842
1.7799999999999998, 1.624781966084329, 1.375218033915671, 3, 1.375218033915671
1.79, 1.6384656141529326, 1.3615343858470674, 3, 1.3615343858470674
1.7999999999999998, 1.6520131076483349, 1.3479868923516651, 3, 1.3479868923516651
1.8100000000000001, 1.6654258013311769, 1.3345741986688231, 3, 1.3345741986688231
1.8199999999999998, 1.6787050364820022, 1.3212949635179978, 3, 1.3212949635179978
1.8300000000000001, 1.6918521410353935, 1.3081478589646065, 3, 1.3081478589646065
1.8399999999999999, 1.704868429712761, 1.2951315702872392, 3, 1.2951315702872392
1.8500000000000001, 1.7177552041538202, 1.2822447958461798, 3, 1.2822447958461798
1.8599999999999999, 1.7305137530467534, 1.2694862469532466, 3, 1.2694862469532466
1.8700000000000001, 1.743145352257083, 1.2568546477429168, 3, 1.2568546477429168
1.8799999999999999, 1.7556512649552558, 1.2443487350447442, 3, 1.2443487350447442
1.8900000000000001, 1.7680327417429638, 1.2319672582570362, 3, 1.2319672582570362
1.8999999999999999, 1.7802910207782023, 1.2197089792217974, 3, 1.2197089792217974
1.9100000000000001, 1.7924273278990921, 1.2075726721009077, 3, 1.2075726721009077
1.9199999999999999, 1.8044428767464571, 1.1955571232535427, 3, 1.1955571232535427
1.9300000000000002, 1.8163388688851969, 1.1836611311148033, 3, 1.1836611311148033
1.9399999999999999, 1.8281164939244368, 1.1718835060755632, 3, 1.1718835060755632
1.9500000000000002, 1.839776929636497, 1.1602230703635033, 3, 1.1602230703635033
1.96, 1.8513213420746635, 1.1486786579253363, 3, 1.1486786579253363
1.9700000000000002, 1.8627508856898034, 1.1372491143101966, 3, 1.1372491143101966
1.98, 1.8740667034458012, 1.1259332965541988, 3, 1.1259332965541988
1.9900000000000002, 1.8852699269338631, 1.1147300730661369, 3, 1.1147300730661369
2, 1.896361676485673, 1.103638323514327, 3, 1.103638323514327
2.0099999999999998, 1.9073430612854299, 1.0926569387145701, 3, 1.0926569387145701
2.02, 1.9182151794807649, 1.0817848205192349, 3, 1.0817848205192349
2.0299999999999998, 1.9289791182925575, 1.0710208817074423, 3, 1.0710208817074423
2.04, 1.9396359541236596, 1.0603640458763404, 3, 1.0603640458763404
2.0499999999999998, 1.9501867526665335, 1.0498132473334663, 3, 1.0498132473334663
2.0600000000000001, 1.9606325690098276, 1.0393674309901721, 3, 1.0393674309901721
2.0699999999999998, 1.9709744477438798, 1.02902555225612, 3, 1.02902555225612
2.0800000000000001, 1.9812134230651828, 1.0187865769348172, 3, 1.0187865769348172
2.0899999999999999, 1.9913505188798, 1.0086494811202003, 3, 1.0086494811202003
2.1000000000000001, 2.0013867489057615, 0.99861325109423871, 3, 0.99861325109423871
2.1099999999999999, 2.0113231167744328, 0.98867688322556735, 3, 0.98867688322556735
2.1200000000000001, 2.0211606161308819, 0.97883938386911828, 3, 0.97883938386911828
2.1299999999999999, 2.0309002307332413, 0.96909976926675889, 3, 0.96909976926675889
2.1400000000000001, 2.0405429345510884, 0.95945706544891163, 3, 0.95945706544891163
2.1499999999999999, 2.0500896918628402, 0.9499103081371596, 3, 0.9499103081371596
2.1600000000000001, 2.059541457352184, 0.94045854264781581, 3, 0.94045854264781581
2.1699999999999999, 2.0688991762035451, 0.93110082379645509, 3, 0.93110082379645509
2.1800000000000002, 2.0781637841966063, 0.9218362158033937, 3, 0.9218362158033937
2.1899999999999999, 2.087336207799888, 0.91266379220011207, 3, 0.91266379220011207
2.2000000000000002, 2.0964173642633943, 0.90358263573660613, 3, 0.90358263573660613
2.21, 2.1054081617103377, 0.89459183828966216, 3, 0.89459183828966216
2.2200000000000002, 2.1143094992279576, 0.88569050077204248, 3, 0.88569050077204248
2.23, 2.1231222669574219, 0.87687773304257832, 3, 0.87687773304257832
2.2400000000000002, 2.1318473461828482, 0.86815265381715168, 3, 0.86815265381715168
2.25, 2.1404856094194296, 0.85951439058057022, 3, 0.85951439058057022
2.2599999999999998, 2.1490379205006889, 0.85096207949931113, 3, 0.85096207949931113
2.27, 2.157505134664861, 0.8424948653351394, 3, 0.8424948653351394
2.2799999999999998, 2.1658880986404174, 0.83411190135958235, 3, 0.83411190135958235
2.29, 2.1741876507307429, 0.82581234926925706, 3, 0.82581234926925706
2.2999999999999998, 2.1824046208979619, 0.81759537910203794, 3, 0.81759537910203794
2.3100000000000001, 2.1905398308459394, 0.8094601691540606, 3, 0.8094601691540606
2.3199999999999998, 2.1985940941024484, 0.80140590589755134, 3, 0.80140590589755134
2.3300000000000001, 2.206568216100528, 0.79343178389947189, 3, 0.79343178389947189
2.3399999999999999, 2.2144629942590219, 0.78553700574097807, 3, 0.78553700574097807
2.3500000000000001, 2.2222792180623259, 0.77772078193767435, 3, 0.77772078193767435
2.3599999999999999, 2.2300176691393325, 0.7699823308606677, 3, 0.7699823308606677
2.3700000000000001, 2.237679121341599, 0.76232087865840081, 3, 0.76232087865840081
2.3799999999999999, 2.2452643408207305, 0.75473565917926955, 3, 0.75473565917926955
2.3900000000000001, 2.2527740861049956, 0.74722591389500448, 3, 0.74722591389500448
2.3999999999999999, 2.2602091081751805, 0.7397908918248195, 3, 0.7397908918248195
2.4100000000000001, 2.2675701505396888, 0.73242984946031098, 3, 0.73242984946031098
2.4199999999999999, 2.274857949308891, 0.72514205069110926, 3, 0.72514205069110926
2.4300000000000002, 2.2820732332687363, 0.71792676673126343, 3, 0.71792676673126343
2.4399999999999999, 2.2892167239536345, 0.71078327604636526, 3, 0.71078327604636526
2.4500000000000002, 2.2962891357186068, 0.70371086428139284, 3, 0.70371086428139284
2.46, 2.3032911758107235, 0.69670882418927649, 3, 0.69670882418927649
2.4700000000000002, 2.3102235444398285, 0.68977645556017131, 3, 0.68977645556017131
2.48, 2.3170869348485614, 0.68291306515143835, 3, 0.68291306515143835
2.4900000000000002, 2.3238820333816839, 0.67611796661831614, 3, 0.67611796661831614
2.5, 2.3306095195547107, 0.66939048044528948, 3, 0.66939048044528948
2.5099999999999998, 2.3372700661218655, 0.66272993387813472, 3, 0.66272993387813472
2.52, 2.3438643391433556, 0.65613566085664421, 3, 0.65613566085664421
2.5299999999999998, 2.3503929980519791, 0.64960700194802123, 3, 0.64960700194802123
2.54, 2.356856695719066, 0.64314330428093391, 3, 0.64314330428093391
2.5499999999999998, 2.3632560785197709, 0.63674392148022929, 3, 0.63674392148022929
2.5600000000000001, 2.3695917863977058, 0.63040821360229415, 3, 0.63040821360229415
2.5699999999999998, 2.3758644529289383, 0.62413554707106156, 3, 0.62413554707106156
2.5800000000000001, 2.3820747053853495, 0.61792529461465051, 3, 0.61792529461465051
2.5899999999999999, 2.3882231647973597, 0.61177683520264048, 3, 0.61177683520264048
2.6000000000000001, 2.3943104460160338, 0.60568955398396618, 3, 0.60568955398396618
2.6099999999999999, 2.4003371577745662, 0.59966284222543353, 3, 0.59966284222543353
2.6200000000000001, 2.4063039027491557, 0.59369609725084405, 3, 0.59369609725084405
2.6299999999999999, 2.4122112776192717, 0.5877887223807281, 3, 0.5877887223807281
2.6400000000000001, 2.4180598731273242, 0.5819401268726756, 3, 0.5819401268726756
2.6499999999999999, 2.4238502741377377, 0.57614972586226243, 3, 0.57614972586226243
2.6600000000000001, 2.4295830596954384, 0.57041694030456147, 3, 0.57041694030456147
2.6699999999999999, 2.4352588030837596, 0.56474119691624036, 3, 0.56474119691624036
2.6800000000000002, 2.44087807188177, 0.55912192811822981, 3, 0.55912192811822981
2.6899999999999999, 2.446441428021032, 0.55355857197896774, 3, 0.55355857197896774
2.7000000000000002, 2.4519494278417957, 0.54805057215820385, 3, 0.54805057215820385
2.71, 2.4574026221486336, 0.54259737785136619, 3, 0.54259737785136619
2.7200000000000002, 2.4628015562655206, 0.53719844373447956, 3, 0.53719844373447956
2.73, 2.4681467700903665, 0.53185322990963346, 3, 0.53185322990963346
2.7400000000000002, 2.4734387981490098, 0.52656120185099042, 3, 0.52656120185099042
2.75, 2.4786781696486644, 0.5213218303513355, 3, 0.5213218303513355
2.7599999999999998, 2.4838654085308485, 0.51613459146915175, 3, 0.51613459146915175
2.77, 2.4890010335237713, 0.51099896647622822, 3, 0.51099896647622822
2.7799999999999998, 2.4940855581942136, 0.5059144418057866, 3, 0.5059144418057866
2.79, 2.4991194909988783, 0.50088050900112213, 3, 0.50088050900112213
2.7999999999999998, 2.5041033353352402, 0.49589666466475968, 3, 0.49589666466475968
2.8100000000000001, 2.5090375895918879, 0.49096241040811223, 3, 0.49096241040811223
2.8199999999999998, 2.5139227471983578, 0.48607725280164232, 3, 0.48607725280164232
2.8300000000000001, 2.5187592966744816, 0.48124070332551827, 3, 0.48124070332551827
2.8399999999999999, 2.5235477216792379, 0.4764522783207622, 3, 0.4764522783207622
2.8500000000000001, 2.5282885010591172, 0.47171149894088271, 3, 0.47171149894088271
2.8599999999999999, 2.5329821088960078, 0.467017891103992, 3, 0.467017891103992
2.8700000000000001, 2.5376290145546059, 0.46237098544539429, 3, 0.46237098544539429
2.8799999999999999, 2.5422296827293485, 0.45777031727065176, 3, 0.45777031727065176
2.8900000000000001, 2.5467845734908874, 0.45321542650911251, 3, 0.45321542650911251
2.8999999999999999, 2.5512941423320949, 0.44870585766790516, 3, 0.44870585766790516
2.9100000000000001, 2.5557588402136129, 0.44424115978638734, 3, 0.44424115978638734
2.9199999999999999, 2.5601791136089496, 0.43982088639105044, 3, 0.43982088639105044
2.9300000000000002, 2.5645554045491288, 0.43544459545087111, 3, 0.43544459545087111
2.9399999999999999, 2.5688881506668912, 0.43111184933310875, 3, 0.43111184933310875
2.9500000000000002, 2.5731777852404596, 0.42682221475954063, 3, 0.42682221475954063
2.96, 2.577424737236865, 0.42257526276313501, 3, 0.42257526276313501
2.9700000000000002, 2.5816294313548473, 0.41837056864515265, 3, 0.41837056864515265
2.98, 2.5857922880673216, 0.41420771193267847, 3, 0.41420771193267847
2.9900000000000002, 2.5899137236634284, 0.41008627633657146, 3, 0.41008627633657146
3, 2.593994150290162, 0.40600584970983811, 3, 0.40600584970983811
3.0099999999999998, 2.5980339759935847, 0.40196602400641501, 3, 0.40196602400641501
3.0199999999999996, 2.6020336047596344, 0.39796639524036537, 3, 0.39796639524036537
3.0300000000000002, 2.6059934365545212, 0.39400656344547913, 3, 0.39400656344547913
3.04, 2.609913867364722, 0.39008613263527769, 3, 0.39008613263527769
3.0499999999999998, 2.6137952892365872, 0.38620471076341267, 3, 0.38620471076341267
3.0599999999999996, 2.6176380903155376, 0.38236190968446238, 3, 0.38236190968446238
3.0700000000000003, 2.6214426548848841, 0.37855734511511618, 3, 0.37855734511511618
3.0800000000000001, 2.6252093634042524, 0.3747906365957473, 3, 0.3747906365957473
3.0899999999999999, 2.6289385925476356, 0.37106140745236449, 3, 0.37106140745236449
3.0999999999999996, 2.6326307152410542, 0.36736928475894587, 3, 0.36736928475894587
3.1100000000000003, 2.6362861006998553, 0.36371389930014486, 3, 0.36371389930014486
3.1200000000000001, 2.6399051144656296, 0.36009488553437019, 3, 0.36009488553437019
3.1299999999999999, 2.6434881184427708, 0.35651188155722902, 3, 0.35651188155722902
3.1399999999999997, 2.6470354709346626, 0.35296452906533771, 3, 0.35296452906533771
3.1500000000000004, 2.6505475266795093, 0.34945247332049079, 3, 0.34945247332049079
3.1600000000000001, 2.6540246368858127, 0.34597536311418753, 3, 0.34597536311418753
3.1699999999999999, 2.6574671492674904, 0.3425328507325095, 3, 0.3425328507325095
3.1799999999999997, 2.6608754080786503, 0.33912459192134969, 3, 0.33912459192134969
3.1900000000000004, 2.6642497541480137, 0.33575024585198648, 3, 0.33575024585198648
3.2000000000000002, 2.6675905249129981, 0.33240947508700158, 3, 0.33240947508700158
3.21, 2.670898054453466, 0.32910194554653416, 3, 0.32910194554653416
3.2199999999999998, 2.6741726735251259, 0.32582732647487406, 3, 0.32582732647487406
3.2300000000000004, 2.6774147095926151, 0.32258529040738471, 3, 0.32258529040738471
3.2400000000000002, 2.680624486862242, 0.31937551313775836, 3, 0.31937551313775836
3.25, 2.6838023263144071, 0.31619767368559298, 3, 0.31619767368559298
3.2599999999999998, 2.6869485457357047, 0.31305145426429504, 3, 0.31305145426429504
3.2699999999999996, 2.6900634597506992, 0.30993654024930078, 3, 0.30993654024930078
3.2800000000000002, 2.6931473798533876, 0.3068526201466123, 3, 0.3068526201466123
3.29, 2.6962006144383497, 0.3037993855616502, 3, 0.3037993855616502
3.2999999999999998, 2.6992234688315886, 0.30077653116841124, 3, 0.30077653116841124
3.3099999999999996, 2.702216245321063, 0.29778375467893714, 3, 0.29778375467893714
3.3200000000000003, 2.7051792431869153, 0.29482075681308451, 3, 0.29482075681308451
3.3300000000000001, 2.7081127587314016, 0.29188724126859827, 3, 0.29188724126859827
3.3399999999999999, 2.7110170853085207, 0.28898291469147908, 3, 0.28898291469147908
3.3499999999999996, 2.7138925133533509, 0.28610748664664892, 3, 0.28610748664664892
3.3600000000000003, 2.7167393304110932, 0.283260669588907, 3, 0.283260669588907
3.3700000000000001, 2.7195578211658247, 0.28044217883417533, 3, 0.28044217883417533
3.3799999999999999, 2.7223482674689703, 0.27765173253102987, 3, 0.27765173253102987
3.3899999999999997, 2.7251109483674854, 0.27488905163251465, 3, 0.27488905163251465
3.4000000000000004, 2.7278461401317626, 0.27215385986823737, 3, 0.27215385986823737
3.4100000000000001, 2.7305541162832569, 0.26944588371674288, 3, 0.26944588371674288
3.4199999999999999, 2.7332351476218411, 0.26676485237815906, 3, 0.26676485237815906
3.4299999999999997, 2.7358895022528822, 0.26411049774711776, 3, 0.26411049774711776
3.4400000000000004, 2.7385174456140562, 0.26148255438594376, 3, 0.26148255438594376
3.4500000000000002, 2.7411192405018885, 0.25888075949811151, 3, 0.25888075949811151
3.46, 2.7436951470980362, 0.25630485290196364, 3, 0.25630485290196364
3.4699999999999998, 2.7462454229953055, 0.25375457700469417, 3, 0.25375457700469417
3.4800000000000004, 2.748770323223412, 0.25122967677658775, 3, 0.25122967677658775
3.4900000000000002, 2.7512701002744819, 0.24872989972551798, 3, 0.24872989972551798
3.5, 2.7537450041283038, 0.24625499587169636, 3, 0.24625499587169636
3.5099999999999998, 2.756195282277325, 0.24380471772267515, 3, 0.24380471772267515
3.5199999999999996, 2.7586211797514029, 0.24137882024859744, 3, 0.24137882024859744
3.5300000000000002, 2.7610229391423058, 0.23897706085769399, 3, 0.23897706085769399
3.54, 2.7634008006279753, 0.23659919937202484, 3, 0.23659919937202484
3.5499999999999998, 2.7657550019965402, 0.23424499800345949, 3, 0.23424499800345949
3.5599999999999996, 2.7680857786701005, 0.23191422132989931, 3, 0.23191422132989931
3.5700000000000003, 2.7703933637282656, 0.22960663627173442, 3, 0.22960663627173442
3.5800000000000001, 2.7726779879314636, 0.22732201206853644, 3, 0.22732201206853644
3.5899999999999999, 2.7749398797440192, 0.22506012025598088, 3, 0.22506012025598088
3.5999999999999996, 2.7771792653569984, 0.22282073464300173, 3, 0.22282073464300173
3.6100000000000003, 2.7793963687108292, 0.22060363128917115, 3, 0.22060363128917115
3.6200000000000001, 2.7815914115176934, 0.21840858848230671, 3, 0.21840858848230671
3.6299999999999999, 2.7837646132837017, 0.2162353867162983, 3, 0.2162353867162983
3.6399999999999997, 2.7859161913308417, 0.21408380866915822, 3, 0.21408380866915822
3.6500000000000004, 2.7880463608187114, 0.21195363918128868, 3, 0.21195363918128868
3.6600000000000001, 2.7901553347660339, 0.20984466523396603, 3, 0.20984466523396603
3.6699999999999999, 2.7922433240719622, 0.20775667592803793, 3, 0.20775667592803793
3.6799999999999997, 2.7943105375371662, 0.20568946246283382, 3, 0.20568946246283382
3.6900000000000004, 2.7963571818847157, 0.2036428181152842, 3, 0.2036428181152842
3.7000000000000002, 2.7983834617807508, 0.20161653821924927, 3, 0.20161653821924927
3.71, 2.8003895798549494, 0.19961042014505057, 3, 0.19961042014505057
3.7199999999999998, 2.8023757367207911, 0.19762426327920893, 3, 0.19762426327920893
3.7300000000000004, 2.8043421309956176, 0.19565786900438248, 3, 0.19565786900438248
3.7400000000000002, 2.8062889593204945, 0.19371104067950545, 3, 0.19371104067950545
3.75, 2.8082164163798771, 0.19178358362012271, 3, 0.19178358362012271
3.7599999999999998, 2.8101246949210776, 0.18987530507892225, 3, 0.18987530507892225
3.7699999999999996, 2.8120139857735404, 0.1879860142264595, 3, 0.1879860142264595
3.7800000000000002, 2.8138844778679251, 0.18611552213207488, 3, 0.18611552213207488
3.79, 2.8157363582549997, 0.18426364174500037, 3, 0.18426364174500037
3.7999999999999998, 2.8175698121243462, 0.1824301878756539, 3, 0.1824301878756539
3.8099999999999996, 2.8193850228228792, 0.18061497717712072, 3, 0.18061497717712072
3.8200000000000003, 2.8211821718731818, 0.17881782812681801, 3, 0.17881782812681801
3.8300000000000001, 2.8229614389916566, 0.1770385610083435, 3, 0.1770385610083435
3.8399999999999999, 2.8247230021064977, 0.17527699789350248, 3, 0.17527699789350248
3.8499999999999996, 2.8264670373754845, 0.17353296262451542, 3, 0.17353296262451542
3.8600000000000003, 2.8281937192035977, 0.17180628079640198, 3, 0.17180628079640198
3.8700000000000001, 2.8299032202604595, 0.17009677973954074, 3, 0.17009677973954074
3.8799999999999999, 2.8315957114975987, 0.16840428850240119, 3, 0.16840428850240119
3.8899999999999997, 2.8332713621655508, 0.16672863783444924, 3, 0.16672863783444924
3.9000000000000004, 2.8349303398307781, 0.16506966016922162, 3, 0.16506966016922162
3.9100000000000001, 2.8365728103924308, 0.16342718960756958, 3, 0.16342718960756958
3.9199999999999999, 2.8381989380989321, 0.16180106190106805, 3, 0.16180106190106805
3.9299999999999997, 2.8398088855644086, 0.16019111443559131, 3, 0.16019111443559131
3.9400000000000004, 2.8414028137849487, 0.15859718621505103, 3, 0.15859718621505103
3.9500000000000002, 2.8429808821547029, 0.15701911784529715, 3, 0.15701911784529715
3.96, 2.8445432484818225, 0.15545675151817751, 3, 0.15545675151817751
3.9699999999999998, 2.8460900690042426, 0.15390993099575739, 3, 0.15390993099575739
3.9800000000000004, 2.8476214984053043, 0.15237850159469546, 3, 0.15237850159469546
3.9900000000000002, 2.8491376898292247, 0.15086231017077559, 3, 0.15086231017077559
4, 2.8506387948964083, 0.14936120510359183, 3, 0.14936120510359183
4.0099999999999998, 2.8521249637186137, 0.14787503628138651, 3, 0.14787503628138651
4.0199999999999996, 2.853596344913961, 0.14640365508603895, 3, 0.14640365508603895
4.0300000000000002, 2.8550530856217966, 0.14494691437820326, 3, 0.14494691437820326
4.04, 2.8564953315174049, 0.14350466848259513, 3, 0.14350466848259513
4.0499999999999998, 2.8579232268265771, 0.14207677317342282, 3, 0.14207677317342282
4.0599999999999996, 2.8593369143400347, 0.14066308565996549, 3, 0.14066308565996549
4.0700000000000003, 2.8607365354277063, 0.13926346457229374, 3, 0.13926346457229374
4.0800000000000001, 2.8621222300528673, 0.13787776994713261, 3, 0.13787776994713261
4.0899999999999999, 2.8634941367861355, 0.13650586321386471, 3, 0.13650586321386471
4.0999999999999996, 2.8648523928193264, 0.13514760718067348, 3, 0.13514760718067348
4.1100000000000003, 2.8661971339791763, 0.13380286602082353, 3, 0.13380286602082353
4.1200000000000001, 2.8675284947409212, 0.13247150525907858, 3, 0.13247150525907858
4.1299999999999999, 2.8688466082417472, 0.13115339175825283, 3, 0.13115339175825283
4.1399999999999997, 2.8701516062941024, 0.12984839370589776, 3, 0.12984839370589776
4.1500000000000004, 2.8714436193988795, 0.12855638060112051, 3, 0.12855638060112051
4.1600000000000001, 2.872722776758466, 0.12727722324153412, 3, 0.12727722324153412
4.1699999999999999, 2.8739892062896635, 0.12601079371033666, 3, 0.12601079371033666
4.1799999999999997, 2.8752430346364806, 0.12475696536351957, 3, 0.12475696536351957
4.1900000000000004, 2.876484387182797, 0.12351561281720318, 3, 0.12351561281720318
4.2000000000000002, 2.8777133880649015, 0.12228661193509863, 3, 0.12228661193509863
4.21, 2.8789301601839066, 0.12106983981609344, 3, 0.12106983981609344
4.2199999999999998, 2.8801348252180383, 0.11986517478196175, 3, 0.11986517478196175
4.2300000000000004, 2.8813275036348038, 0.11867249636519611, 3, 0.11867249636519611
4.2400000000000002, 2.8825083147030388, 0.11749168529696119, 3, 0.11749168529696119
4.25, 2.883677376504834, 0.11632262349516603, 3, 0.11632262349516603
4.2599999999999998, 2.8848348059473436, 0.11516519405265623, 3, 0.11516519405265623
4.2699999999999996, 2.8859807187744773, 0.11401928122552302, 3, 0.11401928122552302
4.2800000000000002, 2.8871152295784714, 0.11288477042152859, 3, 0.11288477042152859
4.29, 2.8882384518113526, 0.11176154818864742, 3, 0.11176154818864742
4.2999999999999998, 2.8893504977962801, 0.11064950220372002, 3, 0.11064950220372002
4.3099999999999996, 2.8904514787387789, 0.10954852126122125, 3, 0.10954852126122125
4.3200000000000003, 2.891541504737861, 0.10845849526213922, 3, 0.10845849526213922
4.3300000000000001, 2.8926206847970342, 0.1073793152029659, 3, 0.1073793152029659
4.3399999999999999, 2.8936891268352043, 0.10631087316479593, 3, 0.10631087316479593
4.3499999999999996, 2.8947469376974651, 0.10525306230253512, 3, 0.10525306230253512
4.3600000000000003, 2.8957942231657845, 0.10420577683421563, 3, 0.10420577683421563
4.3700000000000001, 2.896831087969582, 0.10316891203041813, 3, 0.10316891203041813
4.3799999999999999, 2.897857635796202, 0.10214236420379803, 3, 0.10214236420379803
4.3899999999999997, 2.8988739693012828, 0.10112603069871726, 3, 0.10112603069871726
4.4000000000000004, 2.8998801901190219, 0.10011980988097821, 3, 0.10011980988097821
4.4100000000000001, 2.9008763988723389, 0.099123601127660818, 3, 0.099123601127660818
4.4199999999999999, 2.9018626951829409, 0.098137304817059429, 3, 0.098137304817059429
4.4299999999999997, 2.9028391776812787, 0.097160822318721141, 3, 0.097160822318721141
4.4400000000000004, 2.9038059440164177, 0.096194055983582272, 3, 0.096194055983582272
4.4500000000000002, 2.9047630908657962, 0.095236909134203823, 3, 0.095236909134203823
4.46, 2.905710713944897, 0.09428928605510313, 3, 0.09428928605510313
4.4699999999999998, 2.9066489080168174, 0.093351091983182616, 3, 0.093351091983182616
4.4800000000000004, 2.9075777669017469, 0.09242223309825319, 3, 0.09242223309825319
4.4900000000000002, 2.9084973834863477, 0.091502616513652435, 3, 0.091502616513652435
4.5, 2.9094078497330447, 0.090592150266955496, 3, 0.090592150266955496
4.5099999999999998, 2.9103092566892208, 0.089690743310778961, 3, 0.089690743310778961
4.5199999999999996, 2.9112016944963242, 0.088798305503676025, 3, 0.088798305503676025
4.5300000000000002, 2.9120852523988776, 0.087914747601122251, 3, 0.087914747601122251
4.54, 2.9129600187534086, 0.087039981246591153, 3, 0.087039981246591153
4.5499999999999998, 2.9138260810372816, 0.086173918962718296, 3, 0.086173918962718296
4.5599999999999996, 2.9146835258574466, 0.085316474142553542, 3, 0.085316474142553542
4.5700000000000003, 2.9155324389591, 0.08446756104090028, 3, 0.08446756104090028
4.5800000000000001, 2.9163729052342591, 0.083627094765741053, 3, 0.083627094765741053
4.5899999999999999, 2.9172050087302521, 0.082794991269747861, 3, 0.082794991269747861
4.5999999999999996, 2.9180288326581225, 0.081971167341877704, 3, 0.081971167341877704
4.6100000000000003, 2.9188444594009488, 0.08115554059905121, 3, 0.08115554059905121
4.6200000000000001, 2.9196519705220854, 0.080348029477914529, 3, 0.080348029477914529
4.6299999999999999, 2.9204514467733178, 0.079548553226682542, 3, 0.079548553226682542
4.6399999999999997, 2.9212429681029359, 0.078757031897063914, 3, 0.078757031897063914
4.6500000000000004, 2.9220266136637338, 0.077973386336265993, 3, 0.077973386336265993
4.6600000000000001, 2.9228024618209201, 0.077197538179079844, 3, 0.077197538179079844
4.6699999999999999, 2.9235705901599571, 0.076429409840043039, 3, 0.076429409840043039
4.6799999999999997, 2.9243310754943184, 0.075668924505681662, 3, 0.075668924505681662
4.6900000000000004, 2.9250839938731716, 0.07491600612682843, 3, 0.07491600612682843
4.7000000000000002, 2.9258294205889817, 0.07417057941101815, 3, 0.07417057941101815
4.71, 2.9265674301850422, 0.073432569814958007, 3, 0.073432569814958007
4.7199999999999998, 2.9272980964629269, 0.072701903537073384, 3, 0.072701903537073384
4.7300000000000004, 2.9280214924898722, 0.071978507510127493, 3, 0.071978507510127493
4.7400000000000002, 2.9287376906060851, 0.071262309393915008, 3, 0.071262309393915008
4.75, 2.9294467624319727, 0.070553237568027324, 3, 0.070553237568027324
4.7599999999999998, 2.9301487788753091, 0.069851221124691026, 3, 0.069851221124691026
4.7699999999999996, 2.9308438101383234, 0.069156189861676737, 3, 0.069156189861676737
4.7800000000000002, 2.931531925724721, 0.068468074275278928, 3, 0.068468074275278928
4.79, 2.9322131944466343, 0.067786805553365609, 3, 0.067786805553365609
4.7999999999999998, 2.9328876844315031, 0.067112315568496811, 3, 0.067112315568496811
4.8099999999999996, 2.9335554631288878, 0.066444536871111973, 3, 0.066444536871111973
4.8200000000000003, 2.9342165973172154, 0.065783402682784847, 3, 0.065783402682784847
4.8300000000000001, 2.9348711531104543, 0.065128846889545719, 3, 0.065128846889545719
4.8399999999999999, 2.93551919596473, 0.064480804035269762, 3, 0.064480804035269762
4.8499999999999996, 2.9361607906848683, 0.06383920931513154, 3, 0.06383920931513154
4.8600000000000003, 2.936796001430876, 0.063203998569124259, 3, 0.063203998569124259
4.8700000000000001, 2.9374248917243557, 0.062575108275644151, 3, 0.062575108275644151
4.8799999999999999, 2.9380475244548623, 0.061952475545137699, 3, 0.061952475545137699
4.8899999999999997, 2.9386639618861867, 0.061336038113812996, 3, 0.061336038113812996
4.9000000000000004, 2.9392742656625872, 0.060725734337413143, 3, 0.060725734337413143
4.9100000000000001, 2.9398784968149481, 0.060121503185052043, 3, 0.060121503185052043
4.9199999999999999, 2.9404767157668892, 0.05952328423311086, 3, 0.05952328423311086
4.9299999999999997, 2.9410689823408038, 0.058931017659195895, 3, 0.058931017659195895
4.9400000000000004, 2.9416553557638441, 0.058344644236156137, 3, 0.058344644236156137
4.9500000000000002, 2.9422358946738392, 0.057764105326160761, 3, 0.057764105326160761
4.96, 2.9428106571251651, 0.057189342874834903, 3, 0.057189342874834903
4.9699999999999998, 2.9433797005945457, 0.056620299405454474, 3, 0.056620299405454474
4.9800000000000004, 2.9439430819868013, 0.056056918013198287, 3, 0.056056918013198287
4.9900000000000002, 2.9445008576405423, 0.055499142359457729, 3, 0.055499142359457729
5, 2.9450530833337973, 0.054946916666202536, 3, 0.054946916666202536
5.0099999999999998, 2.9455998142895972, 0.054400185710403226, 3, 0.054400185710403226
5.0199999999999996, 2.9461411051814914, 0.053858894818508599, 3, 0.053858894818508599
5.0300000000000002, 2.9466770101390214, 0.053322989860978318, 3, 0.053322989860978318
5.04, 2.9472075827531299, 0.052792417246870178, 3, 0.052792417246870178
5.0499999999999998, 2.9477328760815196, 0.052267123918480533, 3, 0.052267123918480533
5.0599999999999996, 2.9482529426539612, 0.051747057346038836, 3, 0.051747057346038836
5.0700000000000003, 2.9487678344775459, 0.051232165522454381, 3, 0.051232165522454381
5.0800000000000001, 2.9492776030418844, 0.050722396958115826, 3, 0.050722396958115826
5.0899999999999999, 2.9497822993242582, 0.050217700675741897, 3, 0.050217700675741897
5.0999999999999996, 2.9502819737947164, 0.049718026205283754, 3, 0.049718026205283754
5.1100000000000003, 2.9507766764211221, 0.049223323578877931, 3, 0.049223323578877931
5.1200000000000001, 2.9512664566741504, 0.048733543325849615, 3, 0.048733543325849615
5.1299999999999999, 2.9517513635322348, 0.048248636467765296, 3, 0.048248636467765296
5.1399999999999997, 2.9522314454864649, 0.04776855451353508, 3, 0.04776855451353508
5.1500000000000004, 2.9527067505454365, 0.047293249454563459, 3, 0.047293249454563459
5.1600000000000001, 2.9531773262400516, 0.046822673759948488, 3, 0.046822673759948488
5.1699999999999999, 2.9536432196282716, 0.046356780371728551, 3, 0.046356780371728551
5.1799999999999997, 2.9541044772998233, 0.045895522700176557, 3, 0.045895522700176557
5.1900000000000004, 2.9545611453808589, 0.045438854619140941, 3, 0.045438854619140941
5.2000000000000002, 2.9550132695385667, 0.044986730461433116, 3, 0.044986730461433116
5.21, 2.9554608949857393, 0.044539105014260491, 3, 0.044539105014260491
5.2199999999999998, 2.9559040664852949, 0.044095933514705352, 3, 0.044095933514705352
5.2300000000000004, 2.9563428283547513, 0.043657171645248363, 3, 0.043657171645248363
5.2400000000000002, 2.9567772244706632, 0.043222775529337051, 3, 0.043222775529337051
5.25, 2.9572072982730022, 0.042792701726997763, 3, 0.042792701726997763
5.2599999999999998, 2.957633092769508, 0.042366907230491885, 3, 0.042366907230491885
5.2699999999999996, 2.9580546505399852, 0.041945349460014922, 3, 0.041945349460014922
5.2800000000000002, 2.9584720137405611, 0.041527986259438501, 3, 0.041527986259438501
5.29, 2.9588852241079051, 0.041114775892094835, 3, 0.041114775892094835
5.2999999999999998, 2.9592943229633972, 0.0407056770366028, 3, 0.0407056770366028
5.3099999999999996, 2.9596993512172638, 0.04030064878273594, 3, 0.04030064878273594
5.3200000000000003, 2.9601003493726687, 0.0398996506273313, 3, 0.0398996506273313
5.3300000000000001, 2.9604973575297606, 0.039502642470239255, 3, 0.039502642470239255
5.3399999999999999, 2.9608904153896871, 0.039109584610313206, 3, 0.039109584610313206
5.3499999999999996, 2.9612795622585604, 0.038720437741439621, 3, 0.038720437741439621
5.3600000000000003, 2.9616648370513925, 0.038335162948607296, 3, 0.038335162948607296
5.3700000000000001, 2.9620462782959844, 0.037953721704015918, 3, 0.037953721704015918
5.3799999999999999, 2.9624239241367767, 0.037576075863223153, 3, 0.037576075863223153
5.3899999999999997, 2.9627978123386698, 0.037202187661330224, 3, 0.037202187661330224
5.4000000000000004, 2.9631679802907946, 0.036832019709205306, 3, 0.036832019709205306
5.4100000000000001, 2.9635344650102553, 0.036465534989744808, 3, 0.036465534989744808
5.4199999999999999, 2.9638973031458287, 0.036102696854171321, 3, 0.036102696854171321
5.4299999999999997, 2.9642565309816309, 0.035743469018368945, 3, 0.035743469018368945
5.4400000000000004, 2.9646121844407451, 0.035387815559254687, 3, 0.035387815559254687
5.4500000000000002, 2.9649642990888134, 0.035035700911186331, 3, 0.035035700911186331
5.46, 2.9653129101375946, 0.03468708986240561, 3, 0.03468708986240561
5.4699999999999998, 2.9656580524484828, 0.034341947551517135, 3, 0.034341947551517135
5.4800000000000004, 2.9659997605359978, 0.034000239464002158, 3, 0.034000239464002158
5.4900000000000002, 2.9663380685712326, 0.03366193142876725, 3, 0.03366193142876725
5.5, 2.9666730103852732, 0.033326989614726917, 3, 0.033326989614726917
5.5099999999999998, 2.9670046194725792, 0.032995380527420647, 3, 0.032995380527420647
5.5199999999999996, 2.9673329289943364, 0.032667071005663358, 3, 0.032667071005663358
5.5300000000000002, 2.9676579717817706, 0.032342028218229249, 3, 0.032342028218229249
5.54, 2.9679797803394314, 0.032020219660568776, 3, 0.032020219660568776
5.5499999999999998, 2.968298386848442, 0.031701613151557964, 3, 0.031701613151557964
5.5599999999999996, 2.9686138231697194, 0.031386176830280409, 3, 0.031386176830280409
5.5700000000000003, 2.9689261208471591, 0.031073879152841086, 3, 0.031073879152841086
5.5800000000000001, 2.9692353111107881, 0.030764688889212067, 3, 0.030764688889212067
5.5899999999999999, 2.9695414248798908, 0.030458575120109289, 3, 0.030458575120109289
5.5999999999999996, 2.9698444927660992, 0.030155507233900758, 3, 0.030155507233900758
5.6100000000000003, 2.9701445450764545, 0.029855454923545254, 3, 0.029855454923545254
5.6200000000000001, 2.9704416118164381, 0.029558388183561775, 3, 0.029558388183561775
5.6299999999999999, 2.9707357226929711, 0.02926427730702871, 3, 0.02926427730702871
5.6399999999999997, 2.9710269071173867, 0.028973092882613329, 3, 0.028973092882613329
5.6500000000000004, 2.9713151942083695, 0.028684805791630512, 3, 0.028684805791630512
5.6600000000000001, 2.9716006127948691, 0.028399387205130969, 3, 0.028399387205130969
5.6699999999999999, 2.9718831914189816, 0.028116808581018171, 3, 0.028116808581018171
5.6799999999999997, 2.9721629583388056, 0.027837041661194224, 3, 0.027837041661194224
5.6900000000000004, 2.9724399415312659, 0.027560058468733994, 3, 0.027560058468733994
5.7000000000000002, 2.9727141686949126, 0.027285831305087445, 3, 0.027285831305087445
5.71, 2.9729856672526904, 0.027014332747309678, 3, 0.027014332747309678
5.7199999999999998, 2.9732544643546812, 0.02674553564531866, 3, 0.02674553564531866
5.7300000000000004, 2.9735205868808201, 0.026479413119180163, 3, 0.026479413119180163
5.7400000000000002, 2.9737840614435802, 0.026215938556419866, 3, 0.026215938556419866
5.75, 2.974044914390638, 0.025955085609361907, 3, 0.025955085609361907
5.7599999999999998, 2.9743031718075059, 0.025696828192494185, 3, 0.025696828192494185
5.7699999999999996, 2.9745588595201404, 0.025441140479859806, 3, 0.025441140479859806
5.7800000000000002, 2.9748120030975258, 0.025187996902474412, 3, 0.025187996902474412
5.79, 2.9750626278542307, 0.024937372145769354, 3, 0.024937372145769354
5.7999999999999998, 2.9753107588529399, 0.02468924114706009, 3, 0.02468924114706009
5.8099999999999996, 2.97555642090696, 0.024443579093039965, 3, 0.024443579093039965
5.8200000000000003, 2.9757996385827012, 0.024200361417298845, 3, 0.024200361417298845
5.8300000000000001, 2.9760404362021338, 0.023959563797866502, 3, 0.023959563797866502
5.8399999999999999, 2.9762788378452196, 0.023721162154780331, 3, 0.023721162154780331
5.8499999999999996, 2.9765148673523223, 0.023485132647677327, 3, 0.023485132647677327
5.8600000000000003, 2.9767485483265901, 0.02325145167341007, 3, 0.02325145167341007
5.8700000000000001, 2.9769799041363134, 0.023020095863686467, 3, 0.023020095863686467
5.8799999999999999, 2.9772089579172674, 0.0227910420827327, 3, 0.0227910420827327
5.8899999999999997, 2.97743573257502, 0.022564267424979811, 3, 0.022564267424979811
5.9000000000000004, 2.9776602507872267, 0.022339749212773014, 3, 0.022339749212773014
5.9100000000000001, 2.9778825350058957, 0.022117464994104032, 3, 0.022117464994104032
5.9199999999999999, 2.9781026074596344, 0.021897392540365747, 3, 0.021897392540365747
5.9299999999999997, 2.9783204901558706, 0.021679509844129384, 3, 0.021679509844129384
5.9400000000000004, 2.9785362048830564, 0.021463795116943737, 3, 0.021463795116943737
5.9500000000000002, 2.9787497732128436, 0.021250226787156358, 3, 0.021250226787156358
5.96, 2.9789612165022437, 0.021038783497756272, 3, 0.021038783497756272
5.9699999999999998, 2.9791705558957613, 0.020829444104238343, 3, 0.020829444104238343
5.9800000000000004, 2.9793778123275114, 0.020622187672488749, 3, 0.020622187672488749
5.9900000000000002, 2.9795830065233084, 0.020416993476691625, 3, 0.020416993476691625
6, 2.9797861590027437, 0.020213840997256399, 3, 0.020213840997256399
6.0099999999999998, 2.9799872900812341, 0.020012709918765824, 3, 0.020012709918765824
6.0199999999999996, 2.9801864198720556, 0.01981358012794443, 3, 0.01981358012794443
6.0300000000000002, 2.980383568288353, 0.019616431711647189, 3, 0.019616431711647189
6.04, 2.9805787550451317, 0.019421244954868216, 3, 0.019421244954868216
6.0499999999999998, 2.980771999661231, 0.01922800033876915, 3, 0.01922800033876915
6.0599999999999996, 2.9809633214612727, 0.019036678538727349, 3, 0.019036678538727349
6.0700000000000003, 2.9811527395775963, 0.01884726042240335, 3, 0.01884726042240335
6.0800000000000001, 2.9813402729521723, 0.018659727047827718, 3, 0.018659727047827718
6.0899999999999999, 2.9815259403384933, 0.018474059661506691, 3, 0.018474059661506691
6.0999999999999996, 2.981709760303453, 0.018290239696546914, 3, 0.018290239696546914
6.1100000000000003, 2.9818917512292011, 0.018108248770798693, 3, 0.018108248770798693
6.1200000000000001, 2.9820719313149819, 0.017928068685017829, 3, 0.017928068685017829
6.1299999999999999, 2.9822503185789544, 0.01774968142104557, 3, 0.01774968142104557
6.1399999999999997, 2.9824269308599929, 0.017573069140006871, 3, 0.017573069140006871
6.1500000000000004, 2.9826017858194733, 0.017398214180526422, 3, 0.017398214180526422
6.1600000000000001, 2.9827749009430375, 0.017225099056962605, 3, 0.017225099056962605
6.1699999999999999, 2.9829462935423412, 0.017053706457658784, 3, 0.017053706457658784
6.1799999999999997, 2.9831159807567875, 0.016884019243212197, 3, 0.016884019243212197
6.1900000000000004, 2.9832839795552402, 0.016716020444759977, 3, 0.016716020444759977
6.2000000000000002, 2.9834503067377178, 0.016549693262282318, 3, 0.016549693262282318
6.21, 2.9836149789370774, 0.016385021062922337, 3, 0.016385021062922337
6.2199999999999998, 2.983778012620677, 0.016221987379322879, 3, 0.016221987379322879
6.2300000000000004, 2.9839394240920205, 0.016060575907979706, 3, 0.016060575907979706
6.2400000000000002, 2.9840992294923887, 0.015900770507611205, 3, 0.015900770507611205
6.25, 2.9842574448024557, 0.015742555197544153, 3, 0.015742555197544153
6.2599999999999998, 2.9844140858438841, 0.015585914156115693, 3, 0.015585914156115693
6.2699999999999996, 2.9845691682809088, 0.01543083171909115, 3, 0.01543083171909115
6.2800000000000002, 2.9847227076219025, 0.015277292378097574, 3, 0.015277292378097574
6.29, 2.9848747192209273, 0.015125280779072934, 3, 0.015125280779072934
6.2999999999999998, 2.9850252182792696, 0.014974781720730652, 3, 0.014974781720730652
6.3099999999999996, 2.9851742198469609, 0.014825780153039467, 3, 0.014825780153039467
6.3200000000000003, 2.9853217388242816, 0.014678261175718427, 3, 0.014678261175718427
6.3300000000000001, 2.9854677899632529, 0.014532210036746899, 3, 0.014532210036746899
6.3399999999999999, 2.9856123878691108, 0.014387612130889264, 3, 0.014387612130889264
6.3499999999999996, 2.9857555470017654, 0.014244452998234436, 3, 0.014244452998234436
6.3600000000000003, 2.9858972816772504, 0.014102718322749825, 3, 0.014102718322749825
6.3700000000000001, 2.98603760606915, 0.013962393930849816, 3, 0.013962393930849816
6.3799999999999999, 2.9861765342100215, 0.013823465789978258, 3, 0.013823465789978258
6.3899999999999997, 2.9863140799927947, 0.013685920007205286, 3, 0.013685920007205286
6.4000000000000004, 2.9864502571721623, 0.013549742827838, 3, 0.013549742827838
6.4100000000000001, 2.986585079365955, 0.013414920634044996, 3, 0.013414920634044996
6.4199999999999999, 2.9867185600565054, 0.013281439943494535, 3, 0.013281439943494535
6.4299999999999997, 2.9868507125919934, 0.013149287408006326, 3, 0.013149287408006326
6.4400000000000004, 2.9869815501877834, 0.013018449812216681, 3, 0.013018449812216681
6.4500000000000002, 2.9871110859277428, 0.012888914072257019, 3, 0.012888914072257019
6.46, 2.9872393327655544, 0.01276066723444538, 3, 0.01276066723444538
6.4699999999999998, 2.987366303526009, 0.012633696473991107, 3, 0.012633696473991107
6.4800000000000004, 2.9874920109062879, 0.012507989093712337, 3, 0.012507989093712337
6.4900000000000002, 2.9876164674772334, 0.012383532522766309, 3, 0.012383532522766309
6.5, 2.9877396856846081, 0.0122603143153922, 3, 0.0122603143153922
6.5099999999999998, 2.9878616778503333, 0.012138322149666597, 3, 0.012138322149666597
6.5199999999999996, 2.9879824561737287, 0.012017543826271258, 3, 0.012017543826271258
6.5300000000000002, 2.9881020327327268, 0.011897967267273192, 3, 0.011897967267273192
6.54, 2.9882204194850832, 0.011779580514916873, 3, 0.011779580514916873
6.5499999999999998, 2.9883376282695715, 0.011662371730428389, 3, 0.011662371730428389
6.5599999999999996, 2.9884536708071687, 0.011546329192831627, 3, 0.011546329192831627
6.5700000000000003, 2.9885685587022239, 0.011431441297776112, 3, 0.011431441297776112
6.5800000000000001, 2.9886823034436234, 0.011317696556376614, 3, 0.011317696556376614
6.5899999999999999, 2.988794916405936, 0.011205083594064203, 3, 0.011205083594064203
6.5999999999999996, 2.9889064088505513, 0.011093591149448797, 3, 0.011093591149448797
6.6100000000000003, 2.9890167919268071, 0.010983208073193015, 3, 0.010983208073193015
6.6200000000000001, 2.9891260766731027, 0.010873923326897267, 3, 0.010873923326897267
6.6299999999999999, 2.9892342740180045, 0.010765725981995843, 3, 0.010765725981995843
6.6399999999999997, 2.9893413947813361, 0.010658605218664085, 3, 0.010658605218664085
6.6500000000000004, 2.9894474496752639, 0.010552550324736384, 3, 0.010552550324736384
6.6600000000000001, 2.9895524493053651, 0.01044755069463499, 3, 0.01044755069463499
6.6699999999999999, 2.9896564041716909, 0.01034359582830938, 3, 0.01034359582830938
6.6799999999999997, 2.989759324669814, 0.010240675330186291, 3, 0.010240675330186291
6.6900000000000004, 2.9898612210918696, 0.010138778908130138, 3, 0.010138778908130138
6.7000000000000002, 2.9899621036275863, 0.010037896372413816, 3, 0.010037896372413816
6.71, 2.9900619823653005, 0.0099380176346996786, 3, 0.0099380176346996786
6.7199999999999998, 2.9901608672929694, 0.0098391327070307191, 3, 0.0098391327070307191
6.7300000000000004, 2.9902587682991681, 0.0097412317008317567, 3, 0.0097412317008317567
6.7400000000000002, 2.9903556951740793, 0.0096443048259206108, 3, 0.0096443048259206108
6.75, 2.9904516576104712, 0.0095483423895290007, 3, 0.0095483423895290007
6.7599999999999998, 2.9905466652046666, 0.0094533347953333242, 3, 0.0094533347953333242
6.7699999999999996, 2.9906407274575049, 0.0093592725424949848, 3, 0.0093592725424949848
6.7800000000000002, 2.9907338537752897, 0.0092661462247103053, 3, 0.0092661462247103053
6.79, 2.9908260534707303, 0.0091739465292699218, 3, 0.0091739465292699218
6.7999999999999998, 2.9909173357638723, 0.0090826642361274447, 3, 0.0090826642361274447
6.8099999999999996, 2.9910077097830228, 0.0089922902169774933, 3, 0.0089922902169774933
6.8200000000000003, 2.9910971845656573, 0.008902815434342834, 3, 0.008902815434342834
6.8300000000000001, 2.9911857690593293, 0.0088142309406706518, 3, 0.0088142309406706518
6.8399999999999999, 2.991273472122562, 0.0087265278774377522, 3, 0.0087265278774377522
6.8499999999999996, 2.9913603025257354, 0.0086396974742647299, 3, 0.0086396974742647299
6.8600000000000003, 2.991446268951961, 0.008553731048038896, 3, 0.008553731048038896
6.8700000000000001, 2.9915313799979542, 0.0084686200020460088, 3, 0.0084686200020460088
6.8799999999999999, 2.9916156441748893, 0.0083843558251105316, 3, 0.0083843558251105316
6.8899999999999997, 2.9916990699092554, 0.0083009300907445523, 3, 0.0083009300907445523
6.9000000000000004, 2.9917816655436948, 0.0082183344563051038, 3, 0.0082183344563051038
6.9100000000000001, 2.9918634393378403, 0.0081365606621599303, 3, 0.0081365606621599303
6.9199999999999999, 2.9919443994691384, 0.0080556005308614603, 3, 0.0080556005308614603
6.9299999999999997, 2.9920245540336707, 0.0079754459663291012, 3, 0.0079754459663291012
6.9400000000000004, 2.9921039110469607, 0.0078960889530395942, 3, 0.0078960889530395942
6.9500000000000002, 2.9921824784447746, 0.0078175215552254932, 3, 0.0078175215552254932
6.96, 2.9922602640839182, 0.0077397359160815398, 3, 0.0077397359160815398
6.9699999999999998, 2.9923372757430213, 0.0076627242569789963, 3, 0.0076627242569789963
6.9800000000000004, 2.992413521123312, 0.0075864788766877665, 3, 0.0075864788766877665
6.9900000000000002, 2.992489007849394, 0.0075109921506062993, 3, 0.0075109921506062993
7, 2.9925637434700008, 0.0074362565299990755, 3, 0.0074362565299990755
