t, u_C, u_R, u_E, i
-1,3,0,3,0
-0.98999999999999999,3,0,3,0
-0.97999999999999998,3,0,3,0
-0.96999999999999997,3,0,3,0
-0.95999999999999996,3,0,3,0
-0.94999999999999996,3,0,3,0
-0.93999999999999995,3,0,3,0
-0.92999999999999994,3,0,3,0
-0.92000000000000004,3,0,3,0
-0.91000000000000003,3,0,3,0
-0.90000000000000002,3,0,3,0
-0.89000000000000001,3,0,3,0
-0.88,3,0,3,0
-0.87,3,0,3,0
-0.85999999999999999,3,0,3,0
-0.84999999999999998,3,0,3,0
-0.83999999999999997,3,0,3,0
-0.82999999999999996,3,0,3,0
-0.82000000000000006,3,0,3,0
-0.81000000000000005,3,0,3,0
-0.80000000000000004,3,0,3,0
-0.79000000000000004,3,0,3,0
-0.78000000000000003,3,0,3,0
-0.77000000000000002,3,0,3,0
-0.76000000000000001,3,0,3,0
-0.75,3,0,3,0
-0.73999999999999999,3,0,3,0
-0.72999999999999998,3,0,3,0
-0.71999999999999997,3,0,3,0
-0.70999999999999996,3,0,3,0
-0.69999999999999996,3,0,3,0
-0.68999999999999995,3,0,3,0
-0.67999999999999994,3,0,3,0
-0.66999999999999993,3,0,3,0
-0.65999999999999992,3,0,3,0
-0.65000000000000002,3,0,3,0
-0.64000000000000001,3,0,3,0
-0.63,3,0,3,0
-0.62,3,0,3,0
-0.60999999999999999,3,0,3,0
-0.59999999999999998,3,0,3,0
-0.59000000000000008,3,0,3,0
-0.58000000000000007,3,0,3,0
-0.57000000000000006,3,0,3,0
-0.56000000000000005,3,0,3,0
-0.55000000000000004,3,0,3,0
-0.54000000000000004,3,0,3,0
-0.53000000000000003,3,0,3,0
-0.52000000000000002,3,0,3,0
-0.51000000000000001,3,0,3,0
-0.5,3,0,3,0
-0.48999999999999999,3,0,3,0
-0.47999999999999998,3,0,3,0
-0.46999999999999997,3,0,3,0
-0.45999999999999996,3,0,3,0
-0.44999999999999996,3,0,3,0
-0.43999999999999995,3,0,3,0
-0.43000000000000005,3,0,3,0
-0.42000000000000004,3,0,3,0
-0.41000000000000003,3,0,3,0
-0.40000000000000002,3,0,3,0
-0.39000000000000001,3,0,3,0
-0.38,3,0,3,0
-0.37,3,0,3,0
-0.35999999999999999,3,0,3,0
-0.34999999999999998,3,0,3,0
-0.33999999999999997,3,0,3,0
-0.32999999999999996,3,0,3,0
-0.31999999999999995,3,0,3,0
-0.31000000000000005,3,0,3,0
-0.30000000000000004,3,0,3,0
-0.29000000000000004,3,0,3,0
-0.28000000000000003,3,0,3,0
-0.27000000000000002,3,0,3,0
-0.26000000000000001,3,0,3,0
-0.25,3,0,3,0
-0.23999999999999999,3,0,3,0
-0.22999999999999998,3,0,3,0
-0.21999999999999997,3,0,3,0
-0.20999999999999996,3,0,3,0
-0.19999999999999996,3,0,3,0
-0.18999999999999995,3,0,3,0
-0.18000000000000005,3,0,3,0
-0.17000000000000004,3,0,3,0
-0.16000000000000003,3,0,3,0
-0.15000000000000002,3,0,3,0
-0.14000000000000001,3,0,3,0
-0.13,3,0,3,0
-0.12,3,0,3,0
-0.10999999999999999,3,0,3,0
-0.099999999999999978,3,0,3,0
-0.089999999999999969,3,0,3,0
-0.07999999999999996,3,0,3,0
-0.069999999999999951,3,0,3,0
-0.060000000000000053,3,0,3,0
-0.050000000000000044,3,0,3,0
-0.040000000000000036,3,0,3,0
-0.030000000000000027,3,0,3,0
-0.020000000000000018,3,0,3,0
-0.010000000000000009,3,0,3,0
0,3,0,3,0
0.010000000000000009,3,0,3,0
0.020000000000000018,3,0,3,0
0.030000000000000027,3,0,3,0
0.040000000000000036,3,0,3,0
0.050000000000000044,3,0,3,0
0.060000000000000053,3,0,3,0
0.070000000000000062,3,0,3,0
0.080000000000000071,3,0,3,0
0.09000000000000008,3,0,3,0
0.10000000000000009,3,0,3,0
0.1100000000000001,3,0,3,0
0.12000000000000011,3,0,3,0
0.12999999999999989,3,0,3,0
0.1399999999999999,3,0,3,0
0.14999999999999991,3,0,3,0
0.15999999999999992,3,0,3,0
0.16999999999999993,3,0,3,0
0.17999999999999994,3,0,3,0
0.18999999999999995,3,0,3,0
0.19999999999999996,3,0,3,0
0.20999999999999996,3,0,3,0
0.21999999999999997,3,0,3,0
0.22999999999999998,3,0,3,0
0.23999999999999999,3,0,3,0
0.25,3,0,3,0
0.26000000000000001,3,0,3,0
0.27000000000000002,3,0,3,0
0.28000000000000003,3,0,3,0
0.29000000000000004,3,0,3,0
0.30000000000000004,3,0,3,0
0.31000000000000005,3,0,3,0
0.32000000000000006,3,0,3,0
0.33000000000000007,3,0,3,0
0.34000000000000008,3,0,3,0
0.35000000000000009,3,0,3,0
0.3600000000000001,3,0,3,0
0.37000000000000011,3,0,3,0
0.37999999999999989,3,0,3,0
0.3899999999999999,3,0,3,0
0.39999999999999991,3,0,3,0
0.40999999999999992,3,0,3,0
0.41999999999999993,3,0,3,0
0.42999999999999994,3,0,3,0
0.43999999999999995,3,0,3,0
0.44999999999999996,3,0,3,0
0.45999999999999996,3,0,3,0
0.46999999999999997,3,0,3,0
0.47999999999999998,3,0,3,0
0.48999999999999999,3,0,3,0
0.5,3,0,3,0
0.51000000000000001,3,0,3,0
0.52000000000000002,3,0,3,0
0.53000000000000003,3,0,3,0
0.54000000000000004,3,0,3,0
0.55000000000000004,3,0,3,0
0.56000000000000005,3,0,3,0
0.57000000000000006,3,0,3,0
0.58000000000000007,3,0,3,0
0.59000000000000008,3,0,3,0
0.60000000000000009,3,0,3,0
0.6100000000000001,3,0,3,0
0.62000000000000011,3,0,3,0
0.62999999999999989,3,0,3,0
0.6399999999999999,3,0,3,0
0.64999999999999991,3,0,3,0
0.65999999999999992,3,0,3,0
0.66999999999999993,3,0,3,0
0.67999999999999994,3,0,3,0
0.68999999999999995,3,0,3,0
0.69999999999999996,3,0,3,0
0.70999999999999996,3,0,3,0
0.71999999999999997,3,0,3,0
0.72999999999999998,3,0,3,0
0.73999999999999999,3,0,3,0
0.75,3,0,3,0
0.76000000000000001,3,0,3,0
0.77000000000000002,3,0,3,0
0.78000000000000003,3,0,3,0
0.79000000000000004,3,0,3,0
0.80000000000000004,3,0,3,0
0.81000000000000005,3,0,3,0
0.82000000000000006,3,0,3,0
0.83000000000000007,3,0,3,0
0.84000000000000008,3,0,3,0
0.85000000000000009,3,0,3,0
0.8600000000000001,3,0,3,0
0.87000000000000011,3,0,3,0
0.87999999999999989,3,0,3,0
0.8899999999999999,3,0,3,0
0.89999999999999991,3,0,3,0
0.90999999999999992,3,0,3,0
0.91999999999999993,3,0,3,0
0.92999999999999994,3,0,3,0
0.93999999999999995,3,0,3,0
0.94999999999999996,3,0,3,0
0.95999999999999996,3,0,3,0
0.96999999999999997,3,0,3,0
0.97999999999999998,3,0,3,0
0.98999999999999999,3,0,3,0
1,3,-3,0,-3
1.0099999999999998,2.9701495012475041,-2.9701495012475041,0,-2.9701495012475041
1.02,2.9405960199202656,-2.9405960199202656,0,-2.9405960199202656
1.0299999999999998,2.9113366006455244,-2.9113366006455244,0,-2.9113366006455244
1.04,2.8823683174569696,-2.8823683174569696,0,-2.8823683174569696
1.0499999999999998,2.8536882735021423,-2.8536882735021423,0,-2.8536882735021423
1.0600000000000001,2.8252936007527456,-2.8252936007527456,0,-2.8252936007527456
1.0699999999999998,2.7971814597178453,-2.7971814597178453,0,-2.7971814597178453
1.0800000000000001,2.7693490391599065,-2.7693490391599065,0,-2.7693490391599065
1.0899999999999999,2.7417935558136848,-2.7417935558136848,0,-2.7417935558136848
1.1000000000000001,2.7145122541078788,-2.7145122541078788,0,-2.7145122541078788
1.1099999999999999,2.6875024058895849,-2.6875024058895849,0,-2.6875024058895849
1.1200000000000001,2.6607613101514724,-2.6607613101514724,0,-2.6607613101514724
1.1299999999999999,2.6342862927616841,-2.6342862927616841,0,-2.6342862927616841
1.1400000000000001,2.6080747061964171,-2.6080747061964171,0,-2.6080747061964171
1.1499999999999999,2.5821239292751734,-2.5821239292751734,0,-2.5821239292751734
1.1600000000000001,2.556431366898634,-2.556431366898634,0,-2.556431366898634
1.1699999999999999,2.530994449789151,-2.530994449789151,0,-2.530994449789151
1.1800000000000002,2.5058106342338156,-2.5058106342338156,0,-2.5058106342338156
1.1899999999999999,2.4808774018300874,-2.4808774018300874,0,-2.4808774018300874
1.2000000000000002,2.4561922592339451,-2.4561922592339451,0,-2.4561922592339451
1.21,2.4317527379105615,-2.4317527379105615,0,-2.4317527379105615
1.2200000000000002,2.4075563938874347,-2.4075563938874347,0,-2.4075563938874347
1.23,2.3836008075100024,-2.3836008075100024,0,-2.3836008075100024
1.2400000000000002,2.3598835831996596,-2.3598835831996596,0,-2.3598835831996596
1.25,2.3364023492142145,-2.3364023492142145,0,-2.3364023492142145
1.2599999999999998,2.313154757410699,-2.313154757410699,0,-2.313154757410699
1.27,2.2901384830105598,-2.2901384830105598,0,-2.2901384830105598
1.2799999999999998,2.267351224367177,-2.267351224367177,0,-2.267351224367177
1.29,2.2447907027356955,-2.2447907027356955,0,-2.2447907027356955
1.2999999999999998,2.2224546620451537,-2.2224546620451537,0,-2.2224546620451537
1.3100000000000001,2.2003408686728676,-2.2003408686728676,0,-2.2003408686728676
1.3199999999999998,2.178447111221073,-2.178447111221073,0,-2.178447111221073
1.3300000000000001,2.1567712002957786,-2.1567712002957786,0,-2.1567712002957786
1.3399999999999999,2.1353109682878295,-2.1353109682878295,0,-2.1353109682878295
1.3500000000000001,2.1140642691561404,-2.1140642691561404,0,-2.1140642691561404
1.3599999999999999,2.093028978213094,-2.093028978213094,0,-2.093028978213094
1.3700000000000001,2.0722029919120635,-2.0722029919120635,0,-2.0722029919120635
1.3799999999999999,2.0515842276370679,-2.0515842276370679,0,-2.0515842276370679
1.3900000000000001,2.0311706234944937,-2.0311706234944937,0,-2.0311706234944937
1.3999999999999999,2.0109601381069178,-2.0109601381069178,0,-2.0109601381069178
1.4100000000000001,1.9909507504089579,-1.9909507504089579,0,-1.9909507504089579
1.4199999999999999,1.9711404594451709,-1.9711404594451709,0,-1.9711404594451709
1.4300000000000002,1.9515272841699494,-1.9515272841699494,0,-1.9515272841699494
1.4399999999999999,1.9321092632494246,-1.9321092632494246,0,-1.9321092632494246
1.4500000000000002,1.9128844548653197,-1.9128844548653197,0,-1.9128844548653197
1.46,1.8938509365207783,-1.8938509365207783,0,-1.8938509365207783
1.4700000000000002,1.8750068048481019,-1.8750068048481019,0,-1.8750068048481019
1.48,1.8563501754184224,-1.8563501754184224,0,-1.8563501754184224
1.4900000000000002,1.8378791825532481,-1.8378791825532481,0,-1.8378791825532481
1.5,1.8195919791379003,-1.8195919791379003,0,-1.8195919791379003
1.5099999999999998,1.8014867364367984,-1.8014867364367984,0,-1.8014867364367984
1.52,1.7835616439105832,-1.7835616439105832,0,-1.7835616439105832
1.5299999999999998,1.7658149090350657,-1.7658149090350657,0,-1.7658149090350657
1.54,1.7482447571219693,-1.7482447571219693,0,-1.7482447571219693
1.5499999999999998,1.7308494311414599,-1.7308494311414599,0,-1.7308494311414599
1.5600000000000001,1.7136271915464443,-1.7136271915464443,0,-1.7136271915464443
1.5699999999999998,1.6965763160986116,-1.6965763160986116,0,-1.6965763160986116
1.5800000000000001,1.6796950996962057,-1.6796950996962057,0,-1.6796950996962057
1.5899999999999999,1.6629818542035211,-1.6629818542035211,0,-1.6629818542035211
1.6000000000000001,1.6464349082820791,-1.6464349082820791,0,-1.6464349082820791
1.6099999999999999,1.6300526072234998,-1.6300526072234998,0,-1.6300526072234998
1.6200000000000001,1.6138333127840234,-1.6138333127840234,0,-1.6138333127840234
1.6299999999999999,1.5977754030206919,-1.5977754030206919,0,-1.5977754030206919
1.6400000000000001,1.5818772721291456,-1.5818772721291456,0,-1.5818772721291456
1.6499999999999999,1.5661373302830481,-1.5661373302830481,0,-1.5661373302830481
1.6600000000000001,1.5505540034750975,-1.5505540034750975,0,-1.5505540034750975
1.6699999999999999,1.5351257333596273,-1.5351257333596273,0,-1.5351257333596273
1.6800000000000002,1.5198509770967688,-1.5198509770967688,0,-1.5198509770967688
1.6899999999999999,1.5047282071981667,-1.5047282071981667,0,-1.5047282071981667
1.7000000000000002,1.4897559113742282,-1.4897559113742282,0,-1.4897559113742282
1.71,1.4749325923828955,-1.4749325923828955,0,-1.4749325923828955
1.7200000000000002,1.4602567678799148,-1.4602567678799148,0,-1.4602567678799148
1.73,1.4457269702706073,-1.4457269702706073,0,-1.4457269702706073
1.7400000000000002,1.4313417465631029,-1.4313417465631029,0,-1.4313417465631029
1.75,1.417099658223044,-1.417099658223044,0,-1.417099658223044
1.7599999999999998,1.402999281029728,-1.402999281029728,0,-1.402999281029728
1.77,1.3890392049336842,-1.3890392049336842,0,-1.3890392049336842
1.7799999999999998,1.375218033915671,-1.375218033915671,0,-1.375218033915671
1.79,1.3615343858470674,-1.3615343858470674,0,-1.3615343858470674
1.7999999999999998,1.3479868923516651,-1.3479868923516651,0,-1.3479868923516651
1.8100000000000001,1.3345741986688231,-1.3345741986688231,0,-1.3345741986688231
1.8199999999999998,1.3212949635179978,-1.3212949635179978,0,-1.3212949635179978
1.8300000000000001,1.3081478589646065,-1.3081478589646065,0,-1.3081478589646065
1.8399999999999999,1.2951315702872392,-1.2951315702872392,0,-1.2951315702872392
1.8500000000000001,1.2822447958461798,-1.2822447958461798,0,-1.2822447958461798
1.8599999999999999,1.2694862469532466,-1.2694862469532466,0,-1.2694862469532466
1.8700000000000001,1.2568546477429168,-1.2568546477429168,0,-1.2568546477429168
1.8799999999999999,1.2443487350447442,-1.2443487350447442,0,-1.2443487350447442
1.8900000000000001,1.2319672582570362,-1.2319672582570362,0,-1.2319672582570362
1.8999999999999999,1.2197089792217974,-1.2197089792217974,0,-1.2197089792217974
1.9100000000000001,1.2075726721009077,-1.2075726721009077,0,-1.2075726721009077
1.9199999999999999,1.1955571232535427,-1.1955571232535427,0,-1.1955571232535427
1.9300000000000002,1.1836611311148033,-1.1836611311148033,0,-1.1836611311148033
1.9399999999999999,1.1718835060755632,-1.1718835060755632,0,-1.1718835060755632
1.9500000000000002,1.1602230703635033,-1.1602230703635033,0,-1.1602230703635033
1.96,1.1486786579253363,-1.1486786579253363,0,-1.1486786579253363
1.9700000000000002,1.1372491143101966,-1.1372491143101966,0,-1.1372491143101966
1.98,1.1259332965541988,-1.1259332965541988,0,-1.1259332965541988
1.9900000000000002,1.1147300730661369,-1.1147300730661369,0,-1.1147300730661369
2,1.103638323514327,-1.103638323514327,0,-1.103638323514327
2.0099999999999998,1.0926569387145701,-1.0926569387145701,0,-1.0926569387145701
2.02,1.0817848205192349,-1.0817848205192349,0,-1.0817848205192349
2.0299999999999998,1.0710208817074423,-1.0710208817074423,0,-1.0710208817074423
2.04,1.0603640458763404,-1.0603640458763404,0,-1.0603640458763404
2.0499999999999998,1.0498132473334663,-1.0498132473334663,0,-1.0498132473334663
2.0600000000000001,1.0393674309901721,-1.0393674309901721,0,-1.0393674309901721
2.0699999999999998,1.02902555225612,-1.02902555225612,0,-1.02902555225612
2.0800000000000001,1.0187865769348172,-1.0187865769348172,0,-1.0187865769348172
2.0899999999999999,1.0086494811202003,-1.0086494811202003,0,-1.0086494811202003
2.1000000000000001,0.99861325109423871,-0.99861325109423871,0,-0.99861325109423871
2.1099999999999999,0.98867688322556735,-0.98867688322556735,0,-0.98867688322556735
2.1200000000000001,0.97883938386911828,-0.97883938386911828,0,-0.97883938386911828
2.1299999999999999,0.96909976926675889,-0.96909976926675889,0,-0.96909976926675889
2.1400000000000001,0.95945706544891163,-0.95945706544891163,0,-0.95945706544891163
2.1499999999999999,0.9499103081371596,-0.9499103081371596,0,-0.9499103081371596
2.1600000000000001,0.94045854264781581,-0.94045854264781581,0,-0.94045854264781581
2.1699999999999999,0.93110082379645509,-0.93110082379645509,0,-0.93110082379645509
2.1800000000000002,0.9218362158033937,-0.9218362158033937,0,-0.9218362158033937
2.1899999999999999,0.91266379220011207,-0.91266379220011207,0,-0.91266379220011207
2.2000000000000002,0.90358263573660613,-0.90358263573660613,0,-0.90358263573660613
2.21,0.89459183828966216,-0.89459183828966216,0,-0.89459183828966216
2.2200000000000002,0.88569050077204248,-0.88569050077204248,0,-0.88569050077204248
2.23,0.87687773304257832,-0.87687773304257832,0,-0.87687773304257832
2.2400000000000002,0.86815265381715168,-0.86815265381715168,0,-0.86815265381715168
2.25,0.85951439058057022,-0.85951439058057022,0,-0.85951439058057022
2.2599999999999998,0.85096207949931113,-0.85096207949931113,0,-0.85096207949931113
2.27,0.8424948653351394,-0.8424948653351394,0,-0.8424948653351394
2.2799999999999998,0.83411190135958235,-0.83411190135958235,0,-0.83411190135958235
2.29,0.82581234926925706,-0.82581234926925706,0,-0.82581234926925706
2.2999999999999998,0.81759537910203794,-0.81759537910203794,0,-0.81759537910203794
2.3100000000000001,0.8094601691540606,-0.8094601691540606,0,-0.8094601691540606
2.3199999999999998,0.80140590589755134,-0.80140590589755134,0,-0.80140590589755134
2.3300000000000001,0.79343178389947189,-0.79343178389947189,0,-0.79343178389947189
2.3399999999999999,0.78553700574097807,-0.78553700574097807,0,-0.78553700574097807
2.3500000000000001,0.77772078193767435,-0.77772078193767435,0,-0.77772078193767435
2.3599999999999999,0.7699823308606677,-0.7699823308606677,0,-0.7699823308606677
2.3700000000000001,0.76232087865840081,-0.76232087865840081,0,-0.76232087865840081
2.3799999999999999,0.75473565917926955,-0.75473565917926955,0,-0.75473565917926955
2.3900000000000001,0.74722591389500448,-0.74722591389500448,0,-0.74722591389500448
2.3999999999999999,0.7397908918248195,-0.7397908918248195,0,-0.7397908918248195
2.4100000000000001,0.73242984946031098,-0.73242984946031098,0,-0.73242984946031098
2.4199999999999999,0.72514205069110926,-0.72514205069110926,0,-0.72514205069110926
2.4300000000000002,0.71792676673126343,-0.71792676673126343,0,-0.71792676673126343
2.4399999999999999,0.71078327604636526,-0.71078327604636526,0,-0.71078327604636526
2.4500000000000002,0.70371086428139284,-0.70371086428139284,0,-0.70371086428139284
2.46,0.69670882418927649,-0.69670882418927649,0,-0.69670882418927649
2.4700000000000002,0.68977645556017131,-0.68977645556017131,0,-0.68977645556017131
2.48,0.68291306515143835,-0.68291306515143835,0,-0.68291306515143835
2.4900000000000002,0.67611796661831614,-0.67611796661831614,0,-0.67611796661831614
2.5,0.66939048044528948,-0.66939048044528948,0,-0.66939048044528948
2.5099999999999998,0.66272993387813472,-0.66272993387813472,0,-0.66272993387813472
2.52,0.65613566085664421,-0.65613566085664421,0,-0.65613566085664421
2.5299999999999998,0.64960700194802123,-0.64960700194802123,0,-0.64960700194802123
2.54,0.64314330428093391,-0.64314330428093391,0,-0.64314330428093391
2.5499999999999998,0.63674392148022929,-0.63674392148022929,0,-0.63674392148022929
2.5600000000000001,0.63040821360229415,-0.63040821360229415,0,-0.63040821360229415
2.5699999999999998,0.62413554707106156,-0.62413554707106156,0,-0.62413554707106156
2.5800000000000001,0.61792529461465051,-0.61792529461465051,0,-0.61792529461465051
2.5899999999999999,0.61177683520264048,-0.61177683520264048,0,-0.61177683520264048
2.6000000000000001,0.60568955398396618,-0.60568955398396618,0,-0.60568955398396618
2.6099999999999999,0.59966284222543353,-0.59966284222543353,0,-0.59966284222543353
2.6200000000000001,0.59369609725084405,-0.59369609725084405,0,-0.59369609725084405
2.6299999999999999,0.5877887223807281,-0.5877887223807281,0,-0.5877887223807281
2.6400000000000001,0.5819401268726756,-0.5819401268726756,0,-0.5819401268726756
2.6499999999999999,0.57614972586226243,-0.57614972586226243,0,-0.57614972586226243
2.6600000000000001,0.57041694030456147,-0.57041694030456147,0,-0.57041694030456147
2.6699999999999999,0.56474119691624036,-0.56474119691624036,0,-0.56474119691624036
2.6800000000000002,0.55912192811822981,-0.55912192811822981,0,-0.55912192811822981
2.6899999999999999,0.55355857197896774,-0.55355857197896774,0,-0.55355857197896774
2.7000000000000002,0.54805057215820385,-0.54805057215820385,0,-0.54805057215820385
2.71,0.54259737785136619,-0.54259737785136619,0,-0.54259737785136619
2.7200000000000002,0.53719844373447956,-0.53719844373447956,0,-0.53719844373447956
2.73,0.53185322990963346,-0.53185322990963346,0,-0.53185322990963346
2.7400000000000002,0.52656120185099042,-0.52656120185099042,0,-0.52656120185099042
2.75,0.5213218303513355,-0.5213218303513355,0,-0.5213218303513355
2.7599999999999998,0.51613459146915175,-0.51613459146915175,0,-0.51613459146915175
2.77,0.51099896647622822,-0.51099896647622822,0,-0.51099896647622822
2.7799999999999998,0.5059144418057866,-0.5059144418057866,0,-0.5059144418057866
2.79,0.50088050900112213,-0.50088050900112213,0,-0.50088050900112213
2.7999999999999998,0.49589666466475968,-0.49589666466475968,0,-0.49589666466475968
2.8100000000000001,0.49096241040811223,-0.49096241040811223,0,-0.49096241040811223
2.8199999999999998,0.48607725280164232,-0.48607725280164232,0,-0.48607725280164232
2.8300000000000001,0.48124070332551827,-0.48124070332551827,0,-0.48124070332551827
2.8399999999999999,0.4764522783207622,-0.4764522783207622,0,-0.4764522783207622
2.8500000000000001,0.47171149894088271,-0.47171149894088271,0,-0.47171149894088271
2.8599999999999999,0.467017891103992,-0.467017891103992,0,-0.467017891103992
2.8700000000000001,0.46237098544539429,-0.46237098544539429,0,-0.46237098544539429
2.8799999999999999,0.45777031727065176,-0.45777031727065176,0,-0.45777031727065176
2.8900000000000001,0.45321542650911251,-0.45321542650911251,0,-0.45321542650911251
2.8999999999999999,0.44870585766790516,-0.44870585766790516,0,-0.44870585766790516
2.9100000000000001,0.44424115978638734,-0.44424115978638734,0,-0.44424115978638734
2.9199999999999999,0.43982088639105044,-0.43982088639105044,0,-0.43982088639105044
2.9300000000000002,0.43544459545087111,-0.43544459545087111,0,-0.43544459545087111
2.9399999999999999,0.43111184933310875,-0.43111184933310875,0,-0.43111184933310875
2.9500000000000002,0.42682221475954063,-0.42682221475954063,0,-0.42682221475954063
2.96,0.42257526276313501,-0.42257526276313501,0,-0.42257526276313501
2.9700000000000002,0.41837056864515265,-0.41837056864515265,0,-0.41837056864515265
2.98,0.41420771193267847,-0.41420771193267847,0,-0.41420771193267847
2.9900000000000002,0.41008627633657146,-0.41008627633657146,0,-0.41008627633657146
3,0.40600584970983811,-0.40600584970983811,0,-0.40600584970983811
3.0099999999999998,0.40196602400641501,-0.40196602400641501,0,-0.40196602400641501
3.0199999999999996,0.39796639524036537,-0.39796639524036537,0,-0.39796639524036537
3.0300000000000002,0.39400656344547913,-0.39400656344547913,0,-0.39400656344547913
3.04,0.39008613263527769,-0.39008613263527769,0,-0.39008613263527769
3.0499999999999998,0.38620471076341267,-0.38620471076341267,0,-0.38620471076341267
3.0599999999999996,0.38236190968446238,-0.38236190968446238,0,-0.38236190968446238
3.0700000000000003,0.37855734511511618,-0.37855734511511618,0,-0.37855734511511618
3.0800000000000001,0.3747906365957473,-0.3747906365957473,0,-0.3747906365957473
3.0899999999999999,0.37106140745236449,-0.37106140745236449,0,-0.37106140745236449
3.0999999999999996,0.36736928475894587,-0.36736928475894587,0,-0.36736928475894587
3.1100000000000003,0.36371389930014486,-0.36371389930014486,0,-0.36371389930014486
3.1200000000000001,0.36009488553437019,-0.36009488553437019,0,-0.36009488553437019
3.1299999999999999,0.35651188155722902,-0.35651188155722902,0,-0.35651188155722902
3.1399999999999997,0.35296452906533771,-0.35296452906533771,0,-0.35296452906533771
3.1500000000000004,0.34945247332049079,-0.34945247332049079,0,-0.34945247332049079
3.1600000000000001,0.34597536311418753,-0.34597536311418753,0,-0.34597536311418753
3.1699999999999999,0.3425328507325095,-0.3425328507325095,0,-0.3425328507325095
3.1799999999999997,0.33912459192134969,-0.33912459192134969,0,-0.33912459192134969
3.1900000000000004,0.33575024585198648,-0.33575024585198648,0,-0.33575024585198648
3.2000000000000002,0.33240947508700158,-0.33240947508700158,0,-0.33240947508700158
3.21,0.32910194554653416,-0.32910194554653416,0,-0.32910194554653416
3.2199999999999998,0.32582732647487406,-0.32582732647487406,0,-0.32582732647487406
3.2300000000000004,0.32258529040738471,-0.32258529040738471,0,-0.32258529040738471
3.2400000000000002,0.31937551313775836,-0.31937551313775836,0,-0.31937551313775836
3.25,0.31619767368559298,-0.31619767368559298,0,-0.31619767368559298
3.2599999999999998,0.31305145426429504,-0.31305145426429504,0,-0.31305145426429504
3.2699999999999996,0.30993654024930078,-0.30993654024930078,0,-0.30993654024930078
3.2800000000000002,0.3068526201466123,-0.3068526201466123,0,-0.3068526201466123
3.29,0.3037993855616502,-0.3037993855616502,0,-0.3037993855616502
3.2999999999999998,0.30077653116841124,-0.30077653116841124,0,-0.30077653116841124
3.3099999999999996,0.29778375467893714,-0.29778375467893714,0,-0.29778375467893714
3.3200000000000003,0.29482075681308451,-0.29482075681308451,0,-0.29482075681308451
3.3300000000000001,0.29188724126859827,-0.29188724126859827,0,-0.29188724126859827
3.3399999999999999,0.28898291469147908,-0.28898291469147908,0,-0.28898291469147908
3.3499999999999996,0.28610748664664892,-0.28610748664664892,0,-0.28610748664664892
3.3600000000000003,0.283260669588907,-0.283260669588907,0,-0.283260669588907
3.3700000000000001,0.28044217883417533,-0.28044217883417533,0,-0.28044217883417533
3.3799999999999999,0.27765173253102987,-0.27765173253102987,0,-0.27765173253102987
3.3899999999999997,0.27488905163251465,-0.27488905163251465,0,-0.27488905163251465
3.4000000000000004,0.27215385986823737,-0.27215385986823737,0,-0.27215385986823737
3.4100000000000001,0.26944588371674288,-0.26944588371674288,0,-0.26944588371674288
3.4199999999999999,0.26676485237815906,-0.26676485237815906,0,-0.26676485237815906
3.4299999999999997,0.26411049774711776,-0.26411049774711776,0,-0.26411049774711776
3.4400000000000004,0.26148255438594376,-0.26148255438594376,0,-0.26148255438594376
3.4500000000000002,0.25888075949811151,-0.25888075949811151,0,-0.25888075949811151
3.46,0.25630485290196364,-0.25630485290196364,0,-0.25630485290196364
3.4699999999999998,0.25375457700469417,-0.25375457700469417,0,-0.25375457700469417
3.4800000000000004,0.25122967677658775,-0.25122967677658775,0,-0.25122967677658775
3.4900000000000002,0.24872989972551798,-0.24872989972551798,0,-0.24872989972551798
3.5,0.24625499587169636,-0.24625499587169636,0,-0.24625499587169636
3.5099999999999998,0.24380471772267515,-0.24380471772267515,0,-0.24380471772267515
3.5199999999999996,0.24137882024859744,-0.24137882024859744,0,-0.24137882024859744
3.5300000000000002,0.23897706085769399,-0.23897706085769399,0,-0.23897706085769399
3.54,0.23659919937202484,-0.23659919937202484,0,-0.23659919937202484
3.5499999999999998,0.23424499800345949,-0.23424499800345949,0,-0.23424499800345949
3.5599999999999996,0.23191422132989931,-0.23191422132989931,0,-0.23191422132989931
3.5700000000000003,0.22960663627173442,-0.22960663627173442,0,-0.22960663627173442
3.5800000000000001,0.22732201206853644,-0.22732201206853644,0,-0.22732201206853644
3.5899999999999999,0.22506012025598088,-0.22506012025598088,0,-0.22506012025598088
3.5999999999999996,0.22282073464300173,-0.22282073464300173,0,-0.22282073464300173
3.6100000000000003,0.22060363128917115,-0.22060363128917115,0,-0.22060363128917115
3.6200000000000001,0.21840858848230671,-0.21840858848230671,0,-0.21840858848230671
3.6299999999999999,0.2162353867162983,-0.2162353867162983,0,-0.2162353867162983
3.6399999999999997,0.21408380866915822,-0.21408380866915822,0,-0.21408380866915822
3.6500000000000004,0.21195363918128868,-0.21195363918128868,0,-0.21195363918128868
3.6600000000000001,0.20984466523396603,-0.20984466523396603,0,-0.20984466523396603
3.6699999999999999,0.20775667592803793,-0.20775667592803793,0,-0.20775667592803793
3.6799999999999997,0.20568946246283382,-0.20568946246283382,0,-0.20568946246283382
3.6900000000000004,0.2036428181152842,-0.2036428181152842,0,-0.2036428181152842
3.7000000000000002,0.20161653821924927,-0.20161653821924927,0,-0.20161653821924927
3.71,0.19961042014505057,-0.19961042014505057,0,-0.19961042014505057
3.7199999999999998,0.19762426327920893,-0.19762426327920893,0,-0.19762426327920893
3.7300000000000004,0.19565786900438248,-0.19565786900438248,0,-0.19565786900438248
3.7400000000000002,0.19371104067950545,-0.19371104067950545,0,-0.19371104067950545
3.75,0.19178358362012271,-0.19178358362012271,0,-0.19178358362012271
3.7599999999999998,0.18987530507892225,-0.18987530507892225,0,-0.18987530507892225
3.7699999999999996,0.1879860142264595,-0.1879860142264595,0,-0.1879860142264595
3.7800000000000002,0.18611552213207488,-0.18611552213207488,0,-0.18611552213207488
3.79,0.18426364174500037,-0.18426364174500037,0,-0.18426364174500037
3.7999999999999998,0.1824301878756539,-0.1824301878756539,0,-0.1824301878756539
3.8099999999999996,0.18061497717712072,-0.18061497717712072,0,-0.18061497717712072
3.8200000000000003,0.17881782812681801,-0.17881782812681801,0,-0.17881782812681801
3.8300000000000001,0.1770385610083435,-0.1770385610083435,0,-0.1770385610083435
3.8399999999999999,0.17527699789350248,-0.17527699789350248,0,-0.17527699789350248
3.8499999999999996,0.17353296262451542,-0.17353296262451542,0,-0.17353296262451542
3.8600000000000003,0.17180628079640198,-0.17180628079640198,0,-0.17180628079640198
3.8700000000000001,0.17009677973954074,-0.17009677973954074,0,-0.17009677973954074
3.8799999999999999,0.16840428850240119,-0.16840428850240119,0,-0.16840428850240119
3.8899999999999997,0.16672863783444924,-0.16672863783444924,0,-0.16672863783444924
3.9000000000000004,0.16506966016922162,-0.16506966016922162,0,-0.16506966016922162
3.9100000000000001,0.16342718960756958,-0.16342718960756958,0,-0.16342718960756958
3.9199999999999999,0.16180106190106805,-0.16180106190106805,0,-0.16180106190106805
3.9299999999999997,0.16019111443559131,-0.16019111443559131,0,-0.16019111443559131
3.9400000000000004,0.15859718621505103,-0.15859718621505103,0,-0.15859718621505103
3.9500000000000002,0.15701911784529715,-0.15701911784529715,0,-0.15701911784529715
3.96,0.15545675151817751,-0.15545675151817751,0,-0.15545675151817751
3.9699999999999998,0.15390993099575739,-0.15390993099575739,0,-0.15390993099575739
3.9800000000000004,0.15237850159469546,-0.15237850159469546,0,-0.15237850159469546
3.9900000000000002,0.15086231017077559,-0.15086231017077559,0,-0.15086231017077559
4,0.14936120510359183,-0.14936120510359183,0,-0.14936120510359183
4.0099999999999998,0.14787503628138651,-0.14787503628138651,0,-0.14787503628138651
4.0199999999999996,0.14640365508603895,-0.14640365508603895,0,-0.14640365508603895
4.0300000000000002,0.14494691437820326,-0.14494691437820326,0,-0.14494691437820326
4.04,0.14350466848259513,-0.14350466848259513,0,-0.14350466848259513
4.0499999999999998,0.14207677317342282,-0.14207677317342282,0,-0.14207677317342282
4.0599999999999996,0.14066308565996549,-0.14066308565996549,0,-0.14066308565996549
4.0700000000000003,0.13926346457229374,-0.13926346457229374,0,-0.13926346457229374
4.0800000000000001,0.13787776994713261,-0.13787776994713261,0,-0.13787776994713261
4.0899999999999999,0.13650586321386471,-0.13650586321386471,0,-0.13650586321386471
4.0999999999999996,0.13514760718067348,-0.13514760718067348,0,-0.13514760718067348
4.1100000000000003,0.13380286602082353,-0.13380286602082353,0,-0.13380286602082353
4.1200000000000001,0.13247150525907858,-0.13247150525907858,0,-0.13247150525907858
4.1299999999999999,0.13115339175825283,-0.13115339175825283,0,-0.13115339175825283
4.1399999999999997,0.12984839370589776,-0.12984839370589776,0,-0.12984839370589776
4.1500000000000004,0.12855638060112051,-0.12855638060112051,0,-0.12855638060112051
4.1600000000000001,0.12727722324153412,-0.12727722324153412,0,-0.12727722324153412
4.1699999999999999,0.12601079371033666,-0.12601079371033666,0,-0.12601079371033666
4.1799999999999997,0.12475696536351957,-0.12475696536351957,0,-0.12475696536351957
4.1900000000000004,0.12351561281720318,-0.12351561281720318,0,-0.12351561281720318
4.2000000000000002,0.12228661193509863,-0.12228661193509863,0,-0.12228661193509863
4.21,0.12106983981609344,-0.12106983981609344,0,-0.12106983981609344
4.2199999999999998,0.11986517478196175,-0.11986517478196175,0,-0.11986517478196175
4.2300000000000004,0.11867249636519611,-0.11867249636519611,0,-0.11867249636519611
4.2400000000000002,0.11749168529696119,-0.11749168529696119,0,-0.11749168529696119
4.25,0.11632262349516603,-0.11632262349516603,0,-0.11632262349516603
4.2599999999999998,0.11516519405265623,-0.11516519405265623,0,-0.11516519405265623
4.2699999999999996,0.11401928122552302,-0.11401928122552302,0,-0.11401928122552302
4.2800000000000002,0.11288477042152859,-0.11288477042152859,0,-0.11288477042152859
4.29,0.11176154818864742,-0.11176154818864742,0,-0.11176154818864742
4.2999999999999998,0.11064950220372002,-0.11064950220372002,0,-0.11064950220372002
4.3099999999999996,0.10954852126122125,-0.10954852126122125,0,-0.10954852126122125
4.3200000000000003,0.10845849526213922,-0.10845849526213922,0,-0.10845849526213922
4.3300000000000001,0.1073793152029659,-0.1073793152029659,0,-0.1073793152029659
4.3399999999999999,0.10631087316479593,-0.10631087316479593,0,-0.10631087316479593
4.3499999999999996,0.10525306230253512,-0.10525306230253512,0,-0.10525306230253512
4.3600000000000003,0.10420577683421563,-0.10420577683421563,0,-0.10420577683421563
4.3700000000000001,0.10316891203041813,-0.10316891203041813,0,-0.10316891203041813
4.3799999999999999,0.10214236420379803,-0.10214236420379803,0,-0.10214236420379803
4.3899999999999997,0.10112603069871726,-0.10112603069871726,0,-0.10112603069871726
4.4000000000000004,0.10011980988097821,-0.10011980988097821,0,-0.10011980988097821
4.4100000000000001,0.099123601127660818,-0.099123601127660818,0,-0.099123601127660818
4.4199999999999999,0.098137304817059429,-0.098137304817059429,0,-0.098137304817059429
4.4299999999999997,0.097160822318721141,-0.097160822318721141,0,-0.097160822318721141
4.4400000000000004,0.096194055983582272,-0.096194055983582272,0,-0.096194055983582272
4.4500000000000002,0.095236909134203823,-0.095236909134203823,0,-0.095236909134203823
4.46,0.09428928605510313,-0.09428928605510313,0,-0.09428928605510313
4.4699999999999998,0.093351091983182616,-0.093351091983182616,0,-0.093351091983182616
4.4800000000000004,0.09242223309825319,-0.09242223309825319,0,-0.09242223309825319
4.4900000000000002,0.091502616513652435,-0.091502616513652435,0,-0.091502616513652435
4.5,0.090592150266955496,-0.090592150266955496,0,-0.090592150266955496
4.5099999999999998,0.089690743310778961,-0.089690743310778961,0,-0.089690743310778961
4.5199999999999996,0.088798305503676025,-0.088798305503676025,0,-0.088798305503676025
4.5300000000000002,0.087914747601122251,-0.087914747601122251,0,-0.087914747601122251
4.54,0.087039981246591153,-0.087039981246591153,0,-0.087039981246591153
4.5499999999999998,0.086173918962718296,-0.086173918962718296,0,-0.086173918962718296
4.5599999999999996,0.085316474142553542,-0.085316474142553542,0,-0.085316474142553542
4.5700000000000003,0.08446756104090028,-0.08446756104090028,0,-0.08446756104090028
4.5800000000000001,0.083627094765741053,-0.083627094765741053,0,-0.083627094765741053
4.5899999999999999,0.082794991269747861,-0.082794991269747861,0,-0.082794991269747861
4.5999999999999996,0.081971167341877704,-0.081971167341877704,0,-0.081971167341877704
4.6100000000000003,0.08115554059905121,-0.08115554059905121,0,-0.08115554059905121
4.6200000000000001,0.080348029477914529,-0.080348029477914529,0,-0.080348029477914529
4.6299999999999999,0.079548553226682542,-0.079548553226682542,0,-0.079548553226682542
4.6399999999999997,0.078757031897063914,-0.078757031897063914,0,-0.078757031897063914
4.6500000000000004,0.077973386336265993,-0.077973386336265993,0,-0.077973386336265993
4.6600000000000001,0.077197538179079844,-0.077197538179079844,0,-0.077197538179079844
4.6699999999999999,0.076429409840043039,-0.076429409840043039,0,-0.076429409840043039
4.6799999999999997,0.075668924505681662,-0.075668924505681662,0,-0.075668924505681662
4.6900000000000004,0.07491600612682843,-0.07491600612682843,0,-0.07491600612682843
4.7000000000000002,0.07417057941101815,-0.07417057941101815,0,-0.07417057941101815
4.71,0.073432569814958007,-0.073432569814958007,0,-0.073432569814958007
4.7199999999999998,0.072701903537073384,-0.072701903537073384,0,-0.072701903537073384
4.7300000000000004,0.071978507510127493,-0.071978507510127493,0,-0.071978507510127493
4.7400000000000002,0.071262309393915008,-0.071262309393915008,0,-0.071262309393915008
4.75,0.070553237568027324,-0.070553237568027324,0,-0.070553237568027324
4.7599999999999998,0.069851221124691026,-0.069851221124691026,0,-0.069851221124691026
4.7699999999999996,0.069156189861676737,-0.069156189861676737,0,-0.069156189861676737
4.7800000000000002,0.068468074275278928,-0.068468074275278928,0,-0.068468074275278928
4.79,0.067786805553365609,-0.067786805553365609,0,-0.067786805553365609
4.7999999999999998,0.067112315568496811,-0.067112315568496811,0,-0.067112315568496811
4.8099999999999996,0.066444536871111973,-0.066444536871111973,0,-0.066444536871111973
4.8200000000000003,0.065783402682784847,-0.065783402682784847,0,-0.065783402682784847
4.8300000000000001,0.065128846889545719,-0.065128846889545719,0,-0.065128846889545719
4.8399999999999999,0.064480804035269762,-0.064480804035269762,0,-0.064480804035269762
4.8499999999999996,0.06383920931513154,-0.06383920931513154,0,-0.06383920931513154
4.8600000000000003,0.063203998569124259,-0.063203998569124259,0,-0.063203998569124259
4.8700000000000001,0.062575108275644151,-0.062575108275644151,0,-0.062575108275644151
4.8799999999999999,0.061952475545137699,-0.061952475545137699,0,-0.061952475545137699
4.8899999999999997,0.061336038113812996,-0.061336038113812996,0,-0.061336038113812996
4.9000000000000004,0.060725734337413143,-0.060725734337413143,0,-0.060725734337413143
4.9100000000000001,0.060121503185052043,-0.060121503185052043,0,-0.060121503185052043
4.9199999999999999,0.05952328423311086,-0.05952328423311086,0,-0.05952328423311086
4.9299999999999997,0.058931017659195895,-0.058931017659195895,0,-0.058931017659195895
4.9400000000000004,0.058344644236156137,-0.058344644236156137,0,-0.058344644236156137
4.9500000000000002,0.057764105326160761,-0.057764105326160761,0,-0.057764105326160761
4.96,0.057189342874834903,-0.057189342874834903,0,-0.057189342874834903
4.9699999999999998,0.056620299405454474,-0.056620299405454474,0,-0.056620299405454474
4.9800000000000004,0.056056918013198287,-0.056056918013198287,0,-0.056056918013198287
4.9900000000000002,0.055499142359457729,-0.055499142359457729,0,-0.055499142359457729
5,0.054946916666202536,-0.054946916666202536,0,-0.054946916666202536
5.0099999999999998,0.054400185710403226,-0.054400185710403226,0,-0.054400185710403226
5.0199999999999996,0.053858894818508599,-0.053858894818508599,0,-0.053858894818508599
5.0300000000000002,0.053322989860978318,-0.053322989860978318,0,-0.053322989860978318
5.04,0.052792417246870178,-0.052792417246870178,0,-0.052792417246870178
5.0499999999999998,0.052267123918480533,-0.052267123918480533,0,-0.052267123918480533
5.0599999999999996,0.051747057346038836,-0.051747057346038836,0,-0.051747057346038836
5.0700000000000003,0.051232165522454381,-0.051232165522454381,0,-0.051232165522454381
5.0800000000000001,0.050722396958115826,-0.050722396958115826,0,-0.050722396958115826
5.0899999999999999,0.050217700675741897,-0.050217700675741897,0,-0.050217700675741897
5.0999999999999996,0.049718026205283754,-0.049718026205283754,0,-0.049718026205283754
5.1100000000000003,0.049223323578877931,-0.049223323578877931,0,-0.049223323578877931
5.1200000000000001,0.048733543325849615,-0.048733543325849615,0,-0.048733543325849615
5.1299999999999999,0.048248636467765296,-0.048248636467765296,0,-0.048248636467765296
5.1399999999999997,0.04776855451353508,-0.04776855451353508,0,-0.04776855451353508
5.1500000000000004,0.047293249454563459,-0.047293249454563459,0,-0.047293249454563459
5.1600000000000001,0.046822673759948488,-0.046822673759948488,0,-0.046822673759948488
5.1699999999999999,0.046356780371728551,-0.046356780371728551,0,-0.046356780371728551
5.1799999999999997,0.045895522700176557,-0.045895522700176557,0,-0.045895522700176557
5.1900000000000004,0.045438854619140941,-0.045438854619140941,0,-0.045438854619140941
5.2000000000000002,0.044986730461433116,-0.044986730461433116,0,-0.044986730461433116
5.21,0.044539105014260491,-0.044539105014260491,0,-0.044539105014260491
5.2199999999999998,0.044095933514705352,-0.044095933514705352,0,-0.044095933514705352
5.2300000000000004,0.043657171645248363,-0.043657171645248363,0,-0.043657171645248363
5.2400000000000002,0.043222775529337051,-0.043222775529337051,0,-0.043222775529337051
5.25,0.042792701726997763,-0.042792701726997763,0,-0.042792701726997763
5.2599999999999998,0.042366907230491885,-0.042366907230491885,0,-0.042366907230491885
5.2699999999999996,0.041945349460014922,-0.041945349460014922,0,-0.041945349460014922
5.2800000000000002,0.041527986259438501,-0.041527986259438501,0,-0.041527986259438501
5.29,0.041114775892094835,-0.041114775892094835,0,-0.041114775892094835
5.2999999999999998,0.0407056770366028,-0.0407056770366028,0,-0.0407056770366028
5.3099999999999996,0.04030064878273594,-0.04030064878273594,0,-0.04030064878273594
5.3200000000000003,0.0398996506273313,-0.0398996506273313,0,-0.0398996506273313
5.3300000000000001,0.039502642470239255,-0.039502642470239255,0,-0.039502642470239255
5.3399999999999999,0.039109584610313206,-0.039109584610313206,0,-0.039109584610313206
5.3499999999999996,0.038720437741439621,-0.038720437741439621,0,-0.038720437741439621
5.3600000000000003,0.038335162948607296,-0.038335162948607296,0,-0.038335162948607296
5.3700000000000001,0.037953721704015918,-0.037953721704015918,0,-0.037953721704015918
5.3799999999999999,0.037576075863223153,-0.037576075863223153,0,-0.037576075863223153
5.3899999999999997,0.037202187661330224,-0.037202187661330224,0,-0.037202187661330224
5.4000000000000004,0.036832019709205306,-0.036832019709205306,0,-0.036832019709205306
5.4100000000000001,0.036465534989744808,-0.036465534989744808,0,-0.036465534989744808
5.4199999999999999,0.036102696854171321,-0.036102696854171321,0,-0.036102696854171321
5.4299999999999997,0.035743469018368945,-0.035743469018368945,0,-0.035743469018368945
5.4400000000000004,0.035387815559254687,-0.035387815559254687,0,-0.035387815559254687
5.4500000000000002,0.035035700911186331,-0.035035700911186331,0,-0.035035700911186331
5.46,0.03468708986240561,-0.03468708986240561,0,-0.03468708986240561
5.4699999999999998,0.034341947551517135,-0.034341947551517135,0,-0.034341947551517135
5.4800000000000004,0.034000239464002158,-0.034000239464002158,0,-0.034000239464002158
5.4900000000000002,0.03366193142876725,-0.03366193142876725,0,-0.03366193142876725
5.5,0.033326989614726917,-0.033326989614726917,0,-0.033326989614726917
5.5099999999999998,0.032995380527420647,-0.032995380527420647,0,-0.032995380527420647
5.5199999999999996,0.032667071005663358,-0.032667071005663358,0,-0.032667071005663358
5.5300000000000002,0.032342028218229249,-0.032342028218229249,0,-0.032342028218229249
5.54,0.032020219660568776,-0.032020219660568776,0,-0.032020219660568776
5.5499999999999998,0.031701613151557964,-0.031701613151557964,0,-0.031701613151557964
5.5599999999999996,0.031386176830280409,-0.031386176830280409,0,-0.031386176830280409
5.5700000000000003,0.031073879152841086,-0.031073879152841086,0,-0.031073879152841086
5.5800000000000001,0.030764688889212067,-0.030764688889212067,0,-0.030764688889212067
5.5899999999999999,0.030458575120109289,-0.030458575120109289,0,-0.030458575120109289
5.5999999999999996,0.030155507233900758,-0.030155507233900758,0,-0.030155507233900758
5.6100000000000003,0.029855454923545254,-0.029855454923545254,0,-0.029855454923545254
5.6200000000000001,0.029558388183561775,-0.029558388183561775,0,-0.029558388183561775
5.6299999999999999,0.02926427730702871,-0.02926427730702871,0,-0.02926427730702871
5.6399999999999997,0.028973092882613329,-0.028973092882613329,0,-0.028973092882613329
5.6500000000000004,0.028684805791630512,-0.028684805791630512,0,-0.028684805791630512
5.6600000000000001,0.028399387205130969,-0.028399387205130969,0,-0.028399387205130969
5.6699999999999999,0.028116808581018171,-0.028116808581018171,0,-0.028116808581018171
5.6799999999999997,0.027837041661194224,-0.027837041661194224,0,-0.027837041661194224
5.6900000000000004,0.027560058468733994,-0.027560058468733994,0,-0.027560058468733994
5.7000000000000002,0.027285831305087445,-0.027285831305087445,0,-0.027285831305087445
5.71,0.027014332747309678,-0.027014332747309678,0,-0.027014332747309678
5.7199999999999998,0.02674553564531866,-0.02674553564531866,0,-0.02674553564531866
5.7300000000000004,0.026479413119180163,-0.026479413119180163,0,-0.026479413119180163
5.7400000000000002,0.026215938556419866,-0.026215938556419866,0,-0.026215938556419866
5.75,0.025955085609361907,-0.025955085609361907,0,-0.025955085609361907
5.7599999999999998,0.025696828192494185,-0.025696828192494185,0,-0.025696828192494185
5.7699999999999996,0.025441140479859806,-0.025441140479859806,0,-0.025441140479859806
5.7800000000000002,0.025187996902474412,-0.025187996902474412,0,-0.025187996902474412
5.79,0.024937372145769354,-0.024937372145769354,0,-0.024937372145769354
5.7999999999999998,0.02468924114706009,-0.02468924114706009,0,-0.02468924114706009
5.8099999999999996,0.024443579093039965,-0.024443579093039965,0,-0.024443579093039965
5.8200000000000003,0.024200361417298845,-0.024200361417298845,0,-0.024200361417298845
5.8300000000000001,0.023959563797866502,-0.023959563797866502,0,-0.023959563797866502
5.8399999999999999,0.023721162154780331,-0.023721162154780331,0,-0.023721162154780331
5.8499999999999996,0.023485132647677327,-0.023485132647677327,0,-0.023485132647677327
5.8600000000000003,0.02325145167341007,-0.02325145167341007,0,-0.02325145167341007
5.8700000000000001,0.023020095863686467,-0.023020095863686467,0,-0.023020095863686467
5.8799999999999999,0.0227910420827327,-0.0227910420827327,0,-0.0227910420827327
5.8899999999999997,0.022564267424979811,-0.022564267424979811,0,-0.022564267424979811
5.9000000000000004,0.022339749212773014,-0.022339749212773014,0,-0.022339749212773014
5.9100000000000001,0.022117464994104032,-0.022117464994104032,0,-0.022117464994104032
5.9199999999999999,0.021897392540365747,-0.021897392540365747,0,-0.021897392540365747
5.9299999999999997,0.021679509844129384,-0.021679509844129384,0,-0.021679509844129384
5.9400000000000004,0.021463795116943737,-0.021463795116943737,0,-0.021463795116943737
5.9500000000000002,0.021250226787156358,-0.021250226787156358,0,-0.021250226787156358
5.96,0.021038783497756272,-0.021038783497756272,0,-0.021038783497756272
5.9699999999999998,0.020829444104238343,-0.020829444104238343,0,-0.020829444104238343
5.9800000000000004,0.020622187672488749,-0.020622187672488749,0,-0.020622187672488749
5.9900000000000002,0.020416993476691625,-0.020416993476691625,0,-0.020416993476691625
6,0.020213840997256399,-0.020213840997256399,0,-0.020213840997256399
6.0099999999999998,0.020012709918765824,-0.020012709918765824,0,-0.020012709918765824
6.0199999999999996,0.01981358012794443,-0.01981358012794443,0,-0.01981358012794443
6.0300000000000002,0.019616431711647189,-0.019616431711647189,0,-0.019616431711647189
6.04,0.019421244954868216,-0.019421244954868216,0,-0.019421244954868216
6.0499999999999998,0.01922800033876915,-0.01922800033876915,0,-0.01922800033876915
6.0599999999999996,0.019036678538727349,-0.019036678538727349,0,-0.019036678538727349
6.0700000000000003,0.01884726042240335,-0.01884726042240335,0,-0.01884726042240335
6.0800000000000001,0.018659727047827718,-0.018659727047827718,0,-0.018659727047827718
6.0899999999999999,0.018474059661506691,-0.018474059661506691,0,-0.018474059661506691
6.0999999999999996,0.018290239696546914,-0.018290239696546914,0,-0.018290239696546914
6.1100000000000003,0.018108248770798693,-0.018108248770798693,0,-0.018108248770798693
6.1200000000000001,0.017928068685017829,-0.017928068685017829,0,-0.017928068685017829
6.1299999999999999,0.01774968142104557,-0.01774968142104557,0,-0.01774968142104557
6.1399999999999997,0.017573069140006871,-0.017573069140006871,0,-0.017573069140006871
6.1500000000000004,0.017398214180526422,-0.017398214180526422,0,-0.017398214180526422
6.1600000000000001,0.017225099056962605,-0.017225099056962605,0,-0.017225099056962605
6.1699999999999999,0.017053706457658784,-0.017053706457658784,0,-0.017053706457658784
6.1799999999999997,0.016884019243212197,-0.016884019243212197,0,-0.016884019243212197
6.1900000000000004,0.016716020444759977,-0.016716020444759977,0,-0.016716020444759977
6.2000000000000002,0.016549693262282318,-0.016549693262282318,0,-0.016549693262282318
6.21,0.016385021062922337,-0.016385021062922337,0,-0.016385021062922337
6.2199999999999998,0.016221987379322879,-0.016221987379322879,0,-0.016221987379322879
6.2300000000000004,0.016060575907979706,-0.016060575907979706,0,-0.016060575907979706
6.2400000000000002,0.015900770507611205,-0.015900770507611205,0,-0.015900770507611205
6.25,0.015742555197544153,-0.015742555197544153,0,-0.015742555197544153
6.2599999999999998,0.015585914156115693,-0.015585914156115693,0,-0.015585914156115693
6.2699999999999996,0.01543083171909115,-0.01543083171909115,0,-0.01543083171909115
6.2800000000000002,0.015277292378097574,-0.015277292378097574,0,-0.015277292378097574
6.29,0.015125280779072934,-0.015125280779072934,0,-0.015125280779072934
6.2999999999999998,0.014974781720730652,-0.014974781720730652,0,-0.014974781720730652
6.3099999999999996,0.014825780153039467,-0.014825780153039467,0,-0.014825780153039467
6.3200000000000003,0.014678261175718427,-0.014678261175718427,0,-0.014678261175718427
6.3300000000000001,0.014532210036746899,-0.014532210036746899,0,-0.014532210036746899
6.3399999999999999,0.014387612130889264,-0.014387612130889264,0,-0.014387612130889264
6.3499999999999996,0.014244452998234436,-0.014244452998234436,0,-0.014244452998234436
6.3600000000000003,0.014102718322749825,-0.014102718322749825,0,-0.014102718322749825
6.3700000000000001,0.013962393930849816,-0.013962393930849816,0,-0.013962393930849816
6.3799999999999999,0.013823465789978258,-0.013823465789978258,0,-0.013823465789978258
6.3899999999999997,0.013685920007205286,-0.013685920007205286,0,-0.013685920007205286
6.4000000000000004,0.013549742827838,-0.013549742827838,0,-0.013549742827838
6.4100000000000001,0.013414920634044996,-0.013414920634044996,0,-0.013414920634044996
6.4199999999999999,0.013281439943494535,-0.013281439943494535,0,-0.013281439943494535
6.4299999999999997,0.013149287408006326,-0.013149287408006326,0,-0.013149287408006326
6.4400000000000004,0.013018449812216681,-0.013018449812216681,0,-0.013018449812216681
6.4500000000000002,0.012888914072257019,-0.012888914072257019,0,-0.012888914072257019
6.46,0.01276066723444538,-0.01276066723444538,0,-0.01276066723444538
6.4699999999999998,0.012633696473991107,-0.012633696473991107,0,-0.012633696473991107
6.4800000000000004,0.012507989093712337,-0.012507989093712337,0,-0.012507989093712337
6.4900000000000002,0.012383532522766309,-0.012383532522766309,0,-0.012383532522766309
6.5,0.0122603143153922,-0.0122603143153922,0,-0.0122603143153922
6.5099999999999998,0.012138322149666597,-0.012138322149666597,0,-0.012138322149666597
6.5199999999999996,0.012017543826271258,-0.012017543826271258,0,-0.012017543826271258
6.5300000000000002,0.011897967267273192,-0.011897967267273192,0,-0.011897967267273192
6.54,0.011779580514916873,-0.011779580514916873,0,-0.011779580514916873
6.5499999999999998,0.011662371730428389,-0.011662371730428389,0,-0.011662371730428389
6.5599999999999996,0.011546329192831627,-0.011546329192831627,0,-0.011546329192831627
6.5700000000000003,0.011431441297776112,-0.011431441297776112,0,-0.011431441297776112
6.5800000000000001,0.011317696556376614,-0.011317696556376614,0,-0.011317696556376614
6.5899999999999999,0.011205083594064203,-0.011205083594064203,0,-0.011205083594064203
6.5999999999999996,0.011093591149448797,-0.011093591149448797,0,-0.011093591149448797
6.6100000000000003,0.010983208073193015,-0.010983208073193015,0,-0.010983208073193015
6.6200000000000001,0.010873923326897267,-0.010873923326897267,0,-0.010873923326897267
6.6299999999999999,0.010765725981995843,-0.010765725981995843,0,-0.010765725981995843
6.6399999999999997,0.010658605218664085,-0.010658605218664085,0,-0.010658605218664085
6.6500000000000004,0.010552550324736384,-0.010552550324736384,0,-0.010552550324736384
6.6600000000000001,0.01044755069463499,-0.01044755069463499,0,-0.01044755069463499
6.6699999999999999,0.01034359582830938,-0.01034359582830938,0,-0.01034359582830938
6.6799999999999997,0.010240675330186291,-0.010240675330186291,0,-0.010240675330186291
6.6900000000000004,0.010138778908130138,-0.010138778908130138,0,-0.010138778908130138
6.7000000000000002,0.010037896372413816,-0.010037896372413816,0,-0.010037896372413816
6.71,0.0099380176346996786,-0.0099380176346996786,0,-0.0099380176346996786
6.7199999999999998,0.0098391327070307191,-0.0098391327070307191,0,-0.0098391327070307191
6.7300000000000004,0.0097412317008317567,-0.0097412317008317567,0,-0.0097412317008317567
6.7400000000000002,0.0096443048259206108,-0.0096443048259206108,0,-0.0096443048259206108
6.75,0.0095483423895290007,-0.0095483423895290007,0,-0.0095483423895290007
6.7599999999999998,0.0094533347953333242,-0.0094533347953333242,0,-0.0094533347953333242
6.7699999999999996,0.0093592725424949848,-0.0093592725424949848,0,-0.0093592725424949848
6.7800000000000002,0.0092661462247103053,-0.0092661462247103053,0,-0.0092661462247103053
6.79,0.0091739465292699218,-0.0091739465292699218,0,-0.0091739465292699218
6.7999999999999998,0.0090826642361274447,-0.0090826642361274447,0,-0.0090826642361274447
6.8099999999999996,0.0089922902169774933,-0.0089922902169774933,0,-0.0089922902169774933
6.8200000000000003,0.008902815434342834,-0.008902815434342834,0,-0.008902815434342834
6.8300000000000001,0.0088142309406706518,-0.0088142309406706518,0,-0.0088142309406706518
6.8399999999999999,0.0087265278774377522,-0.0087265278774377522,0,-0.0087265278774377522
6.8499999999999996,0.0086396974742647299,-0.0086396974742647299,0,-0.0086396974742647299
6.8600000000000003,0.008553731048038896,-0.008553731048038896,0,-0.008553731048038896
6.8700000000000001,0.0084686200020460088,-0.0084686200020460088,0,-0.0084686200020460088
6.8799999999999999,0.0083843558251105316,-0.0083843558251105316,0,-0.0083843558251105316
6.8899999999999997,0.0083009300907445523,-0.0083009300907445523,0,-0.0083009300907445523
6.9000000000000004,0.0082183344563051038,-0.0082183344563051038,0,-0.0082183344563051038
6.9100000000000001,0.0081365606621599303,-0.0081365606621599303,0,-0.0081365606621599303
6.9199999999999999,0.0080556005308614603,-0.0080556005308614603,0,-0.0080556005308614603
6.9299999999999997,0.0079754459663291012,-0.0079754459663291012,0,-0.0079754459663291012
6.9400000000000004,0.0078960889530395942,-0.0078960889530395942,0,-0.0078960889530395942
6.9500000000000002,0.0078175215552254932,-0.0078175215552254932,0,-0.0078175215552254932
6.96,0.0077397359160815398,-0.0077397359160815398,0,-0.0077397359160815398
6.9699999999999998,0.0076627242569789963,-0.0076627242569789963,0,-0.0076627242569789963
6.9800000000000004,0.0075864788766877665,-0.0075864788766877665,0,-0.0075864788766877665
6.9900000000000002,0.0075109921506062993,-0.0075109921506062993,0,-0.0075109921506062993
7,0.0074362565299990755,-0.0074362565299990755,0,-0.0074362565299990755
