ReY,       ImY
0.0008576, 0.0427084
0.000898,  0.0437024
0.0009403, 0.0447195
0.0009846, 0.0457602
0.001031,  0.0468251
0.0010796, 0.0479147
0.0011304, 0.0490296
0.0011837, 0.0501703
0.0012394, 0.0513376
0.0012978, 0.052532
0.0013589, 0.0537541
0.0014229, 0.0550045
0.0014899, 0.0562839
0.0015601, 0.0575931
0.0016336, 0.0589325
0.0017105, 0.0603031
0.0017911, 0.0617054
0.0018754, 0.0631402
0.0019637, 0.0646082
0.0020562, 0.0661103
0.002153,  0.0676471
0.0022543, 0.0692195
0.0023604, 0.0708283
0.0024716, 0.0724743
0.0025879, 0.0741584
0.0027097, 0.0758814
0.0028372, 0.0776442
0.0029708, 0.0794478
0.0031106, 0.081293
0.0032569, 0.0831809
0.0034102, 0.0851123
0.0035706, 0.0870882
0.0037386, 0.0891097
0.0039145, 0.0911778
0.0040986, 0.0932935
0.0042914, 0.0954579
0.0044932, 0.0976721
0.0047045, 0.0999373
0.0049257, 0.1022544
0.0051573, 0.1046248
0.0053997, 0.1070496
0.0056535, 0.10953
0.0059192, 0.1120673
0.0061974, 0.1146626
0.0064886, 0.1173174
0.0067934, 0.1200328
0.0071125, 0.1228102
0.0074465, 0.1256511
0.0077962, 0.1285566
0.0081622, 0.1315284
0.0085453, 0.1345678
0.0089463, 0.1376762
0.0093661, 0.1408552
0.0098055, 0.1441062
0.0102654, 0.1474308
0.0107467, 0.1508307
0.0112505, 0.1543072
0.0117778, 0.1578622
0.0123297, 0.1614971
0.0129072, 0.1652137
0.0135117, 0.1690137
0.0141442, 0.1728988
0.0148062, 0.1768707
0.0154989, 0.1809313
0.0162237, 0.1850821
0.0169822, 0.1893252
0.0177759, 0.1936623
0.0186063, 0.1980953
0.0194752, 0.202626
0.0203842, 0.2072564
0.0213353, 0.2119883
0.0223302, 0.2168237
0.0233711, 0.2217644
0.0244599, 0.2268126
0.0255987, 0.2319701
0.02679,   0.2372388
0.0280359, 0.2426208
0.029339,  0.2481181
0.0307017, 0.2537326
0.0321268, 0.2594664
0.033617,  0.2653213
0.0351751, 0.2712994
0.0368042, 0.2774027
0.0385073, 0.283633
0.0402878, 0.2899923
0.0421488, 0.2964825
0.0440941, 0.3031055
0.0461271, 0.3098631
0.0482517, 0.3167571
0.0504718, 0.3237892
0.0527915, 0.3309612
0.0552149, 0.3382748
0.0577465, 0.3457313
0.0603907, 0.3533325
0.0631524, 0.3610797
0.0660363, 0.3689742
0.0690475, 0.3770172
0.0721912, 0.3852099
0.0754727, 0.3935533
0.0788978, 0.4020482
0.082472,  0.4106954
0.0862013, 0.4194953
0.0900918, 0.4284486
0.0941498, 0.4375552
0.0983818, 0.4468154
0.1027944, 0.4562289
0.1073944, 0.4657952
0.1121889, 0.4755138
0.117185,  0.4853838
0.12239,   0.4954039
0.1278116, 0.5055727
0.1334573, 0.5158885
0.1393351, 0.5263491
0.1454528, 0.5369521
0.1518187, 0.5476948
0.1584409, 0.5585738
0.1653277, 0.5695857
0.1724877, 0.5807264
0.1799294, 0.5919915
0.1876613, 0.6033759
0.195692,  0.6148745
0.2040303, 0.6264812
0.2126847, 0.6381896
0.221664,  0.6499928
0.2309766, 0.6618832
0.2406311, 0.6738529
0.2506358, 0.6858931
0.2609989, 0.6979945
0.2717285, 0.7101474
0.2828323, 0.7223411
0.2943179, 0.7345647
0.3061925, 0.7468063
0.318463,  0.7590535
0.3311359, 0.7712934
0.3442171, 0.7835122
0.3577121, 0.7956957
0.371626,  0.807829
0.3859631, 0.8198967
0.400727,  0.8318825
0.4159209, 0.84377
0.4315469, 0.855542
0.4476064, 0.8671808
0.4641001, 0.8786683
0.4810275, 0.8899861
0.4983873, 0.9011152
0.5161772, 0.9120364
0.5343939, 0.9227304
0.5530328, 0.9331775
0.5720884, 0.943358
0.5915539, 0.953252
0.6114215, 0.9628398
0.6316819, 0.9721018
0.6523248, 0.9810186
0.6733386, 0.9895709
0.6947107, 0.9977399
0.7164269, 1.0055074
0.7384721, 1.0128555
0.76083,   1.0197671
0.783483,  1.0262259
0.8064126, 1.0322162
0.829599,  1.0377234
0.8530217, 1.0427338
0.8766591, 1.0472349
0.9004888, 1.0512153
0.9244875, 1.0546647
0.9486314, 1.0575742
0.9728959, 1.0599362
0.9972562, 1.0617447
1.0216867, 1.0629947
1.0461619, 1.0636831
1.0706557, 1.0638079
1.0951424, 1.0633689
1.1195958, 1.0623672
1.1439904, 1.0608054
1.1683004, 1.0586877
1.1925007, 1.0560197
1.2165667, 1.0528083
1.2404741, 1.0490618
1.2641994, 1.0447898
1.2877199, 1.0400034
1.3110135, 1.0347145
1.3340592, 1.0289363
1.356837,  1.022683
1.3793278, 1.0159699
1.4015135, 1.0088129
1.4233773, 1.0012289
1.4449035, 0.9932354
1.4660776, 0.9848505
1.4868862, 0.9760928
1.5073173, 0.9669812
1.5273599, 0.9575352
1.5470044, 0.9477743
1.5662424, 0.9377182
1.5850665, 0.9273867
1.6034707, 0.9167996
1.6214501, 0.9059765
1.6390006, 0.894937
1.6561197, 0.8837005
1.6728054, 0.8722858
1.6890571, 0.8607117
1.7048749, 0.8489965
1.7202598, 0.8371579
1.7352138, 0.8252135
1.7497394, 0.8131801
1.7638401, 0.8010739
1.77752,   0.7889107
1.7907837, 0.7767057
1.8036366, 0.7644735
1.8160845, 0.7522278
1.8281335, 0.7399822
1.8397905, 0.7277492
1.8510624, 0.7155408
1.8619567, 0.7033685
1.872481,  0.6912431
1.8826434, 0.6791746
1.8924519, 0.6671726
1.9019148, 0.655246
1.9110405, 0.6434033
1.9198377, 0.631652
1.9283149, 0.6199995
1.9364807, 0.6084523
1.9443438, 0.5970166
1.9519129, 0.5856981
1.9591965, 0.5745018
1.9662032, 0.5634323
1.9729415, 0.552494
1.9794198, 0.5416906
1.9856464, 0.5310254
1.9916294, 0.5205014
1.9973769, 0.5101212
2.0028967, 0.4998871
2.0081967, 0.4898009
2.0132844, 0.4798643
2.0181672, 0.4700786
2.0228524, 0.4604448
2.0273471, 0.4509636
2.0316582, 0.4416355
2.0357924, 0.4324609
2.0397563, 0.4234398
2.0435562, 0.414572
2.0471983, 0.4058572
2.0506887, 0.397295
2.0540331, 0.3888846
2.0572371, 0.3806254
2.0603063, 0.3725162
2.063246,  0.3645561
2.0660611, 0.3567439
2.0687567, 0.3490782
2.0713376, 0.3415578
2.0738084, 0.3341812
2.0761734, 0.3269467
2.0784371, 0.3198529
2.0806035, 0.3128979
2.0826766, 0.3060802
2.0846602, 0.2993978
2.0865581, 0.2928491
2.0883738, 0.286432
2.0901108, 0.2801449
2.0917722, 0.2739856
2.0933614, 0.2679524
2.0948813, 0.2620431
2.0963348, 0.256256
2.0977249, 0.2505889
2.099054,  0.24504
2.1003249, 0.2396072
2.1015401, 0.2342885
2.1027019, 0.2290821
2.1038126, 0.2239858
2.1048744, 0.2189977
2.1058894, 0.2141159
2.1068596, 0.2093384
2.107787,  0.2046634
2.1086735, 0.2000888
2.1095207, 0.1956127
2.1103304, 0.1912334
2.1111043, 0.186949
2.1118439, 0.1827575
2.1125506, 0.1786572
2.113226,  0.1746463
2.1138714, 0.170723
2.1144882, 0.1668855
2.1150775, 0.1631322
2.1156406, 0.1594613
2.1161786, 0.1558711
2.1166927, 0.1523601
2.1171838, 0.1489265
2.1176531, 0.1455688
2.1181014, 0.1422853
2.1185298, 0.1390746
2.118939,  0.1359352
2.11933,   0.1328654
2.1197034, 0.1298639
2.1200603, 0.1269292
2.1204011, 0.1240599
2.1207267, 0.1212546
2.1210378, 0.1185118
2.1213349, 0.1158304
2.1216188, 0.1132089
2.1218899, 0.1106461
2.1221489, 0.1081407
2.1223963, 0.1056914
2.1226327, 0.1032971
2.1228584, 0.1009565
2.123074,  0.0986685
2.12328,   0.0964319
2.1234767, 0.0942456
2.1236646, 0.0921084
2.1238441, 0.0900194
2.1240155, 0.0879774
2.1241793, 0.0859814
2.1243357, 0.0840304
2.124485,  0.0821234
2.1246277, 0.0802595
2.124764,  0.0784376
2.1248941, 0.0766568
2.1250184, 0.0749163
2.1251372, 0.073215
2.1252506, 0.0715523
2.1253589, 0.0699271
2.1254623, 0.0683387
2.1255611, 0.0667862
2.1256555, 0.0652689
2.1257456, 0.0637859
2.1258317, 0.0623365
2.1259139, 0.0609199
2.1259924, 0.0595354
2.1260674, 0.0581822
2.126139,  0.0568598
2.1262074, 0.0555673
2.1262727, 0.0543041
2.1263351, 0.0530695
2.1263946, 0.051863
2.1264515, 0.0506838
2.1265059, 0.0495313
2.1265578, 0.048405
2.1266073, 0.0473043
2.1266547, 0.0462286
2.1266999, 0.0451772
2.1267431, 0.0441498
2.1267843, 0.0431456
2.1268237, 0.0421643
2.1268613, 0.0412052
2.1268972, 0.040268
2.1269315, 0.039352
2.1269643, 0.0384568
2.1269955, 0.037582
2.1270254, 0.036727
2.1270539, 0.0358915
2.1270812, 0.035075
2.1271072, 0.034277
2.1271321, 0.0334971
2.1271558, 0.032735
2.1271785, 0.0319902
2.1272001, 0.0312624
2.1272208, 0.030551
2.1272405, 0.0298559
2.1272594, 0.0291765
2.1272774, 0.0285126
2.1272946, 0.0278638
2.127311,  0.0272298
2.1273267, 0.0266102
2.1273417, 0.0260046
2.127356,  0.0254129
2.1273697, 0.0248346
2.1273827, 0.0242694
2.1273952, 0.0237171
2.1274071, 0.0231774
2.1274184, 0.0226499
2.1274293, 0.0221344
2.1274396, 0.0216307
2.1274495, 0.0211384
2.127459,  0.0206573
2.127468,  0.0201872
2.1274766, 0.0197278
2.1274849, 0.0192788
2.1274927, 0.01884
2.1275002, 0.0184112
2.1275074, 0.0179922
2.1275143, 0.0175827
2.1275208, 0.0171825
2.127527,  0.0167915
2.127533,  0.0164093
2.1275387, 0.0160358
2.1275441, 0.0156708
2.1275493, 0.0153142
2.1275543, 0.0149656
2.127559,  0.014625
2.1275636, 0.0142921
2.1275679, 0.0139668
2.127572,  0.0136489
2.127576,  0.0133382
2.1275797, 0.0130346
2.1275833, 0.012738
2.1275867, 0.012448
2.12759,   0.0121647
2.1275932, 0.0118878
2.1275961, 0.0116172
2.127599,  0.0113528
2.1276017, 0.0110944
2.1276043, 0.0108419
2.1276068, 0.0105951