ReZ,  ImZ
0.47, -23.405139
0.47, -22.872373
0.47, -22.351734
0.47, -21.842946
0.47, -21.34574
0.47, -20.859852
0.47, -20.385024
0.47, -19.921004
0.47, -19.467546
0.47, -19.024411
0.47, -18.591362
0.47, -18.168171
0.47, -17.754613
0.47, -17.350469
0.47, -16.955524
0.47, -16.569569
0.47, -16.1924
0.47, -15.823816
0.47, -15.463622
0.47, -15.111627
0.47, -14.767644
0.47, -14.431492
0.47, -14.102991
0.47, -13.781967
0.47, -13.468252
0.47, -13.161677
0.47, -12.86208
0.47, -12.569304
0.47, -12.283191
0.47, -12.003592
0.47, -11.730357
0.47, -11.463341
0.47, -11.202404
0.47, -10.947406
0.47, -10.698212
0.47, -10.454691
0.47, -10.216714
0.47, -9.9841528
0.47, -9.7568857
0.47, -9.5347919
0.47, -9.3177535
0.47, -9.1056556
0.47, -8.8983855
0.47, -8.6958336
0.47, -8.4978922
0.47, -8.3044566
0.47, -8.1154241
0.47, -7.9306945
0.47, -7.7501698
0.47, -7.5737544
0.47, -7.4013547
0.47, -7.2328793
0.47, -7.0682389
0.47, -6.9073461
0.47, -6.7501157
0.47, -6.5964643
0.47, -6.4463105
0.47, -6.2995745
0.47, -6.1561787
0.47, -6.016047
0.47, -5.879105
0.47, -5.7452803
0.47, -5.6145017
0.47, -5.4867001
0.47, -5.3618075
0.47, -5.2397579
0.47, -5.1204864
0.47, -5.0039299
0.47, -4.8900266
0.47, -4.778716
0.47, -4.6699391
0.47, -4.5636383
0.47, -4.4597572
0.47, -4.3582408
0.47, -4.2590351
0.47, -4.1620876
0.47, -4.0673469
0.47, -3.9747628
0.47, -3.8842862
0.47, -3.795869
0.47, -3.7094645
0.47, -3.6250268
0.47, -3.5425111
0.47, -3.4618737
0.47, -3.3830718
0.47, -3.3060637
0.47, -3.2308085
0.47, -3.1572663
0.47, -3.0853982
0.47, -3.0151659
0.47, -2.9465324
0.47, -2.8794611
0.47, -2.8139166
0.47, -2.749864
0.47, -2.6872695
0.47, -2.6260998
0.47, -2.5663224
0.47, -2.5079058
0.47, -2.4508189
0.47, -2.3950314
0.47, -2.3405139
0.47, -2.2872373
0.47, -2.2351734
0.47, -2.1842946
0.47, -2.134574
0.47, -2.0859852
0.47, -2.0385024
0.47, -1.9921004
0.47, -1.9467546
0.47, -1.9024411
0.47, -1.8591362
0.47, -1.8168171
0.47, -1.7754613
0.47, -1.7350469
0.47, -1.6955524
0.47, -1.6569569
0.47, -1.61924
0.47, -1.5823816
0.47, -1.5463622
0.47, -1.5111627
0.47, -1.4767644
0.47, -1.4431492
0.47, -1.4102991
0.47, -1.3781967
0.47, -1.3468252
0.47, -1.3161677
0.47, -1.286208
0.47, -1.2569304
0.47, -1.2283191
0.47, -1.2003592
0.47, -1.1730357
0.47, -1.1463341
0.47, -1.1202404
0.47, -1.0947406
0.47, -1.0698212
0.47, -1.0454691
0.47, -1.0216714
0.47, -0.9984153
0.47, -0.9756886
0.47, -0.9534792
0.47, -0.9317754
0.47, -0.9105656
0.47, -0.8898386
0.47, -0.8695834
0.47, -0.8497892
0.47, -0.8304457
0.47, -0.8115424
0.47, -0.7930694
0.47, -0.775017
0.47, -0.7573754
0.47, -0.7401355
0.47, -0.7232879
0.47, -0.7068239
0.47, -0.6907346
0.47, -0.6750116
0.47, -0.6596464
0.47, -0.644631
0.47, -0.6299575
0.47, -0.6156179
0.47, -0.6016047
0.47, -0.5879105
0.47, -0.574528
0.47, -0.5614502
0.47, -0.54867
0.47, -0.5361808
0.47, -0.5239758
0.47, -0.5120486
0.47, -0.500393
0.47, -0.4890027
0.47, -0.4778716
0.47, -0.4669939
0.47, -0.4563638
0.47, -0.4459757
0.47, -0.4358241
0.47, -0.4259035
0.47, -0.4162088
0.47, -0.4067347
0.47, -0.3974763
0.47, -0.3884286
0.47, -0.3795869
0.47, -0.3709464
0.47, -0.3625027
0.47, -0.3542511
0.47, -0.3461874
0.47, -0.3383072
0.47, -0.3306064
0.47, -0.3230809
0.47, -0.3157266
0.47, -0.3085398
0.47, -0.3015166
0.47, -0.2946532
0.47, -0.2879461
0.47, -0.2813917
0.47, -0.2749864
0.47, -0.2687269
0.47, -0.26261
0.47, -0.2566322
0.47, -0.2507906
0.47, -0.2450819
0.47, -0.2395031
0.47, -0.2340514
0.47, -0.2287237
0.47, -0.2235173
0.47, -0.2184295
0.47, -0.2134574
0.47, -0.2085985
0.47, -0.2038502
0.47, -0.19921
0.47, -0.1946755
0.47, -0.1902441
0.47, -0.1859136
0.47, -0.1816817
0.47, -0.1775461
0.47, -0.1735047
0.47, -0.1695552
0.47, -0.1656957
0.47, -0.161924
0.47, -0.1582382
0.47, -0.1546362
0.47, -0.1511163
0.47, -0.1476764
0.47, -0.1443149
0.47, -0.1410299
0.47, -0.1378197
0.47, -0.1346825
0.47, -0.1316168
0.47, -0.1286208
0.47, -0.125693
0.47, -0.1228319
0.47, -0.1200359
0.47, -0.1173036
0.47, -0.1146334
0.47, -0.112024
0.47, -0.1094741
0.47, -0.1069821
0.47, -0.1045469
0.47, -0.1021671
0.47, -0.0998415
0.47, -0.0975689
0.47, -0.0953479
0.47, -0.0931775
0.47, -0.0910566
0.47, -0.0889839
0.47, -0.0869583
0.47, -0.0849789
0.47, -0.0830446
0.47, -0.0811542
0.47, -0.0793069
0.47, -0.0775017
0.47, -0.0757375
0.47, -0.0740135
0.47, -0.0723288
0.47, -0.0706824
0.47, -0.0690735
0.47, -0.0675012
0.47, -0.0659646
0.47, -0.0644631
0.47, -0.0629957
0.47, -0.0615618
0.47, -0.0601605
0.47, -0.0587911
0.47, -0.0574528
0.47, -0.056145
0.47, -0.054867
0.47, -0.0536181
0.47, -0.0523976
0.47, -0.0512049
0.47, -0.0500393
0.47, -0.0489003
0.47, -0.0477872
0.47, -0.0466994
0.47, -0.0456364
0.47, -0.0445976
0.47, -0.0435824
0.47, -0.0425904
0.47, -0.0416209
0.47, -0.0406735
0.47, -0.0397476
0.47, -0.0388429
0.47, -0.0379587
0.47, -0.0370946
0.47, -0.0362503
0.47, -0.0354251
0.47, -0.0346187
0.47, -0.0338307
0.47, -0.0330606
0.47, -0.0323081
0.47, -0.0315727
0.47, -0.030854
0.47, -0.0301517
0.47, -0.0294653
0.47, -0.0287946
0.47, -0.0281392
0.47, -0.0274986
0.47, -0.0268727
0.47, -0.026261
0.47, -0.0256632
0.47, -0.0250791
0.47, -0.0245082
0.47, -0.0239503
0.47, -0.0234051
0.47, -0.0228724
0.47, -0.0223517
0.47, -0.0218429
0.47, -0.0213457
0.47, -0.0208599
0.47, -0.020385
0.47, -0.019921
0.47, -0.0194675
0.47, -0.0190244
0.47, -0.0185914
0.47, -0.0181682
0.47, -0.0177546
0.47, -0.0173505
0.47, -0.0169555
0.47, -0.0165696
0.47, -0.0161924
0.47, -0.0158238
0.47, -0.0154636
0.47, -0.0151116
0.47, -0.0147676
0.47, -0.0144315
0.47, -0.014103
0.47, -0.013782
0.47, -0.0134683
0.47, -0.0131617
0.47, -0.0128621
0.47, -0.0125693
0.47, -0.0122832
0.47, -0.0120036
0.47, -0.0117304
0.47, -0.0114633
0.47, -0.0112024
0.47, -0.0109474
0.47, -0.0106982
0.47, -0.0104547
0.47, -0.0102167
0.47, -0.0099842
0.47, -0.0097569
0.47, -0.0095348
0.47, -0.0093178
0.47, -0.0091057
0.47, -0.0088984
0.47, -0.0086958
0.47, -0.0084979
0.47, -0.0083045
0.47, -0.0081154
0.47, -0.0079307
0.47, -0.0077502
0.47, -0.0075738
0.47, -0.0074014
0.47, -0.0072329
0.47, -0.0070682
0.47, -0.0069073
0.47, -0.0067501
0.47, -0.0065965
0.47, -0.0064463
0.47, -0.0062996
0.47, -0.0061562
0.47, -0.006016
0.47, -0.0058791
0.47, -0.0057453
0.47, -0.0056145
0.47, -0.0054867
0.47, -0.0053618
0.47, -0.0052398
0.47, -0.0051205
0.47, -0.0050039
0.47, -0.00489
0.47, -0.0047787
0.47, -0.0046699
0.47, -0.0045636
0.47, -0.0044598
0.47, -0.0043582
0.47, -0.004259
0.47, -0.0041621
0.47, -0.0040673
0.47, -0.0039748
0.47, -0.0038843
0.47, -0.0037959
0.47, -0.0037095
0.47, -0.003625
0.47, -0.0035425
0.47, -0.0034619
0.47, -0.0033831
0.47, -0.0033061
0.47, -0.0032308
0.47, -0.0031573
0.47, -0.0030854
0.47, -0.0030152
0.47, -0.0029465
0.47, -0.0028795
0.47, -0.0028139
0.47, -0.0027499
0.47, -0.0026873
0.47, -0.0026261
0.47, -0.0025663
0.47, -0.0025079
0.47, -0.0024508
0.47, -0.002395
0.47, -0.0023405